## Created by SDNJ on Sep 10, 2018 from 
## om_FemaleCommercialTrapAgeProp.csv
## om_FemaleStRSAgeProp.csv
## om_MaleCommercialTrapAgeProp.csv
## om_MaleStRSAgeProp.csv
## Provided by Lisa Lacko and Brenda Connors
## and opModAges.data from the D2-AE-L 2015 data scenario
# nAgeSeries
4 
# plusGroupAge
35 
# minAge
2 2 2 2
# plusGroupAge
35 35 35 35
# fisheryAgeID
1 3 4 5 
# ageLikeWeight_m
1 .5 1 1
# ageLikeWeight_f
1 .5 1 1
# fracYrAges 
.5 .5 .75 .75
# useAgeError_m
1 1 1 1
# useAgeError_f
1 1 1 1
# firstAge
-1 -1 -1 -1 -1 -1 -1 -1 -1 -1 -1 -1 -1 -1 -1 -1 -1  3  3 -1 -1  3  3  3  2 -1 -1  2  2  2  4  3 -1  3  4  4 -1  3 -1  3 -1 -1 -1 -1  4  3  2  3  3  3  2  2  2 -1
-1 -1 -1 -1 -1 -1 -1  2 -1 -1 -1 -1 -1 -1 -1 -1  2 -1 -1 -1 -1 -1 -1 -1 -1 -1 -1  2 -1 -1 -1 -1 -1  2  2  2  2  2 -1  2  2  2  2 -1  2  2 -1 -1 -1  2 -1 -1  2  2
-1 -1 -1 -1 -1 -1 -1 -1 -1 -1 -1 -1 -1 -1 -1 -1 -1 -1 -1 -1 -1 -1 -1 3 3 3 3 3 3 3 3 3 3 3 3 3 3 3 3 3 3 3 3 3 3 -1 -1 -1 -1 -1 -1 -1 -1 -1
-1 -1 -1 -1 -1 -1 -1 -1 -1 -1 -1 -1 -1 -1 -1 -1 -1 -1 -1 -1 -1 -1 -1 -1 -1 -1 -1 -1 -1 -1 -1 -1 -1 -1 -1 -1 -1 -1 2 2 2 2 2 2 2 2 2 2 2 2 2 2 2 -1
-1 -1 -1 -1 -1 -1 -1 -1 -1 -1 -1 -1 -1 -1 -1 -1 -1 4 3 -1 -1 2 4 3 3 -1 -1 5 2 3 4 4 -1 4 4 3 -1 3 -1 4 -1 -1 -1 -1 4 3 2 3 3 3 2 2 2 -1
-1 -1 -1 -1 -1 -1 -1 -1 -1 -1 -1 -1 -1 -1 -1 -1  2 -1 -1 -1 -1 -1 -1 -1 -1 -1 -1 -1 -1 -1 -1 -1 -1  2  2  2  2  2 -1  2  2  2  3 -1  2  2 -1 -1 -1  2 -1 -1  2  2
-1 -1 -1 -1 -1 -1 -1 -1 -1 -1 -1 -1 -1 -1 -1 -1 -1 -1 -1 -1 -1 -1 -1 3 3 3 3 3 3 3 3 3 3 3 3 3 3 3 3 3 3 3 3 3 3 -1 -1 -1 -1 -1 -1 -1 -1 -1
-1 -1 -1 -1 -1 -1 -1 -1 -1 -1 -1 -1 -1 -1 -1 -1 -1 -1 -1 -1 -1 -1 -1 -1 -1 -1 -1 -1 -1 -1 -1 -1 -1 -1 -1 -1 -1 -1 2 2 2 2 2 2 2 2 2 2 2 2 2 2 2 -1
# lastAge
-1 -1 -1 -1 -1 -1 -1 -1 -1 -1 -1 -1 -1 -1 -1 -1 -1 25 25 -1 -1 20 25 25 25 -1 -1 25 25 25 25 25 -1 25 25 25 -1 25 -1 25 -1 -1 -1 -1 25 25 25 25 25 25 25 25 25 -1
-1 -1 -1 -1 -1 -1 -1 35 -1 -1 -1 -1 -1 -1 -1 -1 35 -1 -1 -1 -1 -1 -1 -1 -1 -1 -1  8 -1 -1 -1 -1 -1 35 35 35 35 35 -1 35 35 35 35 -1 35 35 -1 -1 -1 35 -1 -1 35 35
-1 -1 -1 -1 -1 -1 -1 -1 -1 -1 -1 -1 -1 -1 -1 -1 -1 -1 -1 -1 -1 -1 -1 35 35 35 35 35 35 35 35 35 35 35 35 35 35 35 35 35 35 35 35 35 35 -1 -1 -1 -1 -1 -1 -1 -1 -1
-1 -1 -1 -1 -1 -1 -1 -1 -1 -1 -1 -1 -1 -1 -1 -1 -1 -1 -1 -1 -1 -1 -1 -1 -1 -1 -1 -1 -1 -1 -1 -1 -1 -1 -1 -1 -1 -1 35 35 35 35 35 35 35 35 35 35 35 35 35 35 35 -1
-1 -1 -1 -1 -1 -1 -1 -1 -1 -1 -1 -1 -1 -1 -1 -1 -1 25 24 -1 -1 25 25 25 25 -1 -1 17 25 25 25 25 -1 25 25 18 -1 25 -1 25 -1 -1 -1 -1 18 25 18 17 25 25 19 19 25 -1
-1 -1 -1 -1 -1 -1 -1 -1 -1 -1 -1 -1 -1 -1 -1 -1 35 -1 -1 -1 -1 -1 -1 -1 -1 -1 -1 -1 -1 -1 -1 -1 -1 35 35 35 12 35 -1 35 35 35 35 -1 10 12 -1 -1 -1 35 -1 -1 35 35
-1 -1 -1 -1 -1 -1 -1 -1 -1 -1 -1 -1 -1 -1 -1 -1 -1 -1 -1 -1 -1 -1 -1 35 35 35 35 35 35 35 35 35 35 35 35 35 35 35 35 35 35 35 35 35 35 -1 -1 -1 -1 -1 -1 -1 -1 -1
-1 -1 -1 -1 -1 -1 -1 -1 -1 -1 -1 -1 -1 -1 -1 -1 -1 -1 -1 -1 -1 -1 -1 -1 -1 -1 -1 -1 -1 -1 -1 -1 -1 -1 -1 -1 -1 -1 35 35 35 35 35 35 35 35 35 35 35 35 35 35 35 -1
# nObsAge
-1 -1 -1 -1 -1 -1 -1 -1 -1 -1 -1 -1 -1 -1 -1 -1 -1 22 22 -1 -1 17 22 22 23 -1 -1 23 23 23 21 22 -1 22 21 21 -1 22 -1 22 -1 -1 -1 -1 21 22 23 22 22 22 23 23 23 -1
-1 -1 -1 -1 -1 -1 -1 -1 -1 -1 33 -1 33 33 33 33 33 33 33 33 33 33 33 33 33 33 33 33 33 33 33 33 33 33 33 33 33 33 33 33 33 33 33 33 33 33 33 33 33 33 33 33 33 33
-1 -1 -1 -1 -1 -1 -1 -1 -1 -1 -1 -1 -1 -1 -1 -1 -1 -1 -1 -1 -1 -1 -1 33 33 33 33 33 33 33 33 33 33 33 33 33 33 33 33 33 33 33 33 33 33 -1 -1 -1 -1 -1 -1 -1 -1 -1
-1 -1 -1 -1 -1 -1 -1 -1 -1 -1 -1 -1 -1 -1 -1 -1 -1 -1 -1 -1 -1 -1 -1 -1 -1 -1 -1 -1 -1 -1 -1 -1 -1 -1 -1 -1 -1 -1 33 33 33 33 33 33 33 33 33 33 33 33 33 33 33 -1
-1 -1 -1 -1 -1 -1 -1 -1 -1 -1 -1 -1 -1 -1 -1 -1 -1 21 21 -1 -1 23 21 22 22 -1 -1 12 23 22 21 21 -1 21 21 15 -1 22 -1 21 -1 -1 -1 -1 14 22 16 14 22 22 17 17 23 -1
-1 -1 -1 -1 -1 -1 -1 -1 -1 -1 33 -1 33 33 33 33 33 33 33 33 33 33 33 33 33 33 33 33 33 33 33 33 33 33 33 33 33 33 33 33 33 33 33 33 33 33 33 33 33 33 33 33 33 33
-1 -1 -1 -1 -1 -1 -1 -1 -1 -1 -1 -1 -1 -1 -1 -1 -1 -1 -1 -1 -1 -1 -1 33 33 33 33 33 33 33 33 33 33 33 33 33 33 33 33 33 33 33 33 33 33 33 -1 -1 -1 -1 -1 -1 -1 -1
-1 -1 -1 -1 -1 -1 -1 -1 -1 -1 -1 -1 -1 -1 -1 -1 -1 -1 -1 -1 -1 -1 -1 -1 -1 -1 -1 -1 -1 -1 -1 -1 -1 -1 -1 -1 -1 -1 33 33 33 33 33 33 33 33 33 33 33 33 33 33 33 -1
# ageObsProp_m1 
-1  -1  -1  -1  -1  -1  -1  -1  -1  -1  -1  -1  -1  -1  -1  -1  -1  -1  -1  -1  -1  -1  -1  -1  -1  -1  -1  -1  -1  -1  -1  -1  -1  -1
-1  -1  -1  -1  -1  -1  -1  -1  -1  -1  -1  -1  -1  -1  -1  -1  -1  -1  -1  -1  -1  -1  -1  -1  -1  -1  -1  -1  -1  -1  -1  -1  -1  -1
-1  -1  -1  -1  -1  -1  -1  -1  -1  -1  -1  -1  -1  -1  -1  -1  -1  -1  -1  -1  -1  -1  -1  -1  -1  -1  -1  -1  -1  -1  -1  -1  -1  -1
-1  -1  -1  -1  -1  -1  -1  -1  -1  -1  -1  -1  -1  -1  -1  -1  -1  -1  -1  -1  -1  -1  -1  -1  -1  -1  -1  -1  -1  -1  -1  -1  -1  -1
-1  -1  -1  -1  -1  -1  -1  -1  -1  -1  -1  -1  -1  -1  -1  -1  -1  -1  -1  -1  -1  -1  -1  -1  -1  -1  -1  -1  -1  -1  -1  -1  -1  -1
-1  -1  -1  -1  -1  -1  -1  -1  -1  -1  -1  -1  -1  -1  -1  -1  -1  -1  -1  -1  -1  -1  -1  -1  -1  -1  -1  -1  -1  -1  -1  -1  -1  -1
-1  -1  -1  -1  -1  -1  -1  -1  -1  -1  -1  -1  -1  -1  -1  -1  -1  -1  -1  -1  -1  -1  -1  -1  -1  -1  -1  -1  -1  -1  -1  -1  -1  -1
-1  -1  -1  -1  -1  -1  -1  -1  -1  -1  -1  -1  -1  -1  -1  -1  -1  -1  -1  -1  -1  -1  -1  -1  -1  -1  -1  -1  -1  -1  -1  -1  -1  -1
-1  -1  -1  -1  -1  -1  -1  -1  -1  -1  -1  -1  -1  -1  -1  -1  -1  -1  -1  -1  -1  -1  -1  -1  -1  -1  -1  -1  -1  -1  -1  -1  -1  -1
-1  -1  -1  -1  -1  -1  -1  -1  -1  -1  -1  -1  -1  -1  -1  -1  -1  -1  -1  -1  -1  -1  -1  -1  -1  -1  -1  -1  -1  -1  -1  -1  -1  -1
-1  -1  -1  -1  -1  -1  -1  -1  -1  -1  -1  -1  -1  -1  -1  -1  -1  -1  -1  -1  -1  -1  -1  -1  -1  -1  -1  -1  -1  -1  -1  -1  -1  -1
-1  -1  -1  -1  -1  -1  -1  -1  -1  -1  -1  -1  -1  -1  -1  -1  -1  -1  -1  -1  -1  -1  -1  -1  -1  -1  -1  -1  -1  -1  -1  -1  -1  -1
-1  -1  -1  -1  -1  -1  -1  -1  -1  -1  -1  -1  -1  -1  -1  -1  -1  -1  -1  -1  -1  -1  -1  -1  -1  -1  -1  -1  -1  -1  -1  -1  -1  -1
-1  -1  -1  -1  -1  -1  -1  -1  -1  -1  -1  -1  -1  -1  -1  -1  -1  -1  -1  -1  -1  -1  -1  -1  -1  -1  -1  -1  -1  -1  -1  -1  -1  -1
-1  -1  -1  -1  -1  -1  -1  -1  -1  -1  -1  -1  -1  -1  -1  -1  -1  -1  -1  -1  -1  -1  -1  -1  -1  -1  -1  -1  -1  -1  -1  -1  -1  -1
-1  -1  -1  -1  -1  -1  -1  -1  -1  -1  -1  -1  -1  -1  -1  -1  -1  -1  -1  -1  -1  -1  -1  -1  -1  -1  -1  -1  -1  -1  -1  -1  -1  -1
-1  -1  -1  -1  -1  -1  -1  -1  -1  -1  -1  -1  -1  -1  -1  -1  -1  -1  -1  -1  -1  -1  -1  -1  -1  -1  -1  -1  -1  -1  -1  -1  -1  -1
0 0.019354  0.045161  0.077419  0.045161  0.025806  0.019354  0.032258  0.045161  0 0.045161  0.012903  0.012903  0.032258  0.038709  0.025806  0.019354  0.032258  0.012903  0.025806  0.064516  0.012903  0.019354  0.038709  0.051612  0.038709  0.019354  0.006451  0.025806  0.051612  0.012903  0.025806  0 0.064516
0.004566  0.022831  0.061643  0.077625  0.200913  0.114155  0.031963  0.020547  0.043378  0.018264  0.043378  0.022831  0.034246  0.054794  0.020547  0.025114  0.020547  0.011415  0.034246  0.020547  0.015981  0.006849  0.015981  0.015981  0.002283  0.011415  0.002283  0.006849  0.004566  0.006849  0 0 0.002283  0.02968
-1  -1  -1  -1  -1  -1  -1  -1  -1  -1  -1  -1  -1  -1  -1  -1  -1  -1  -1  -1  -1  -1  -1  -1  -1  -1  -1  -1  -1  -1  -1  -1  -1  -1
-1  -1  -1  -1  -1  -1  -1  -1  -1  -1  -1  -1  -1  -1  -1  -1  -1  -1  -1  -1  -1  -1  -1  -1  -1  -1  -1  -1  -1  -1  -1  -1  -1  -1
0 0.052631  0.052631  0 0.263157  0.105263  0.210526  0.105263  0.105263  0 0 0 0 0 0 0 0 0 0.105263  0 0 0 0 0 0 0 0 0 0 0 0 0 0 0
0.003424  0.010273  0.030821  0.143835  0.123287  0.14041 0.167808  0.14041 0.068493  0.017123  0.013698  0.006849  0.003424  0.006849  0.006849  0.010273  0.003424  0.017123  0.017123  0.010273  0.003424  0.006849  0.003424  0.013698  0.003424  0 0.003424  0 0.010273  0 0.003424  0 0 0.013698
0  0.023195  0.033505  0.048969  0.09536 0.144329  0.090206  0.115979  0.110824  0.079896  0.033505  0.012886  0.007731  0.012886  0.005154  0.007731  0.023195  0.012886  0.018041  0.012886  0.025773  0.005154  0.012886  0.010309  0.012886  0.005154  0.005154  0 0.005154  0 0.002577  0.005154  0.002577  0.018041
0.010638  0.031914  0.005319  0.010638  0.021276  0.05851 0.079787  0.117021  0.127659  0.085106  0.031914  0.053191  0.026595  0.021276  0.005319  0.021276  0.026595  0 0.053191  0.005319  0.005319  0.005319  0.010638  0.026595  0.015957  0.021276  0 0.010638  0.021276  0.026595  0.005319  0 0.010638  0.05851
-1  -1  -1  -1  -1  -1  -1  -1  -1  -1  -1  -1  -1  -1  -1  -1  -1  -1  -1  -1  -1  -1  -1  -1  -1  -1  -1  -1  -1  -1  -1  -1  -1  -1
-1  -1  -1  -1  -1  -1  -1  -1  -1  -1  -1  -1  -1  -1  -1  -1  -1  -1  -1  -1  -1  -1  -1  -1  -1  -1  -1  -1  -1  -1  -1  -1  -1  -1
0.018348  0.055045  0.013761  0.03211 0.055045  0.036697  0.142201  0.082568  0.059633  0.082568  0.082568  0.055045  0.027522  0.045871  0.03211 0.036697  0.013761  0.009174  0 0.009174  0.009174  0.004587  0.013761  0.004587  0.013761  0.004587  0.009174  0.009174  0.004587  0.004587  0.009174  0.009174  0.009174  0.022935
0.016556  0.096026  0.091059  0.049668  0.077814  0.09437 0.077814  0.082781  0.049668  0.061258  0.049668  0.029801  0.04139 0.038079  0.021523  0.018211  0.016556  0.006622  0.008278  0.004966  0.001655  0.001655  0 0.003311  0.004966  0.001655  0.003311  0 0.003311  0.006622  0.004966  0.004966  0.006622  0.04139
0.01033 0.035123  0.080578  0.059917  0.035123  0.07438 0.051652  0.072314  0.059917  0.070247  0.041322  0.057851  0.055785  0.039256  0.03719 0.043388  0.026859  0.012396  0.020661  0.012396  0.008264  0.01033 0.004132  0.006198  0.002066  0.002066  0.004132  0.008264  0.006198  0.006198  0.002066  0.012396  0.004132  0.03719
0  0.003134  0.031347  0.090909  0.028213  0.028213  0.059561  0.050156  0.081504  0.06583 0.034482  0.047021  0.040752  0.053291  0.047021  0.015673  0.040752  0.028213  0.037617  0 0.012539  0.006269  0.006269  0.009404  0.003134  0.015673  0.015673  0.003134  0 0.006269  0.018808  0.012539  0.012539  0.094043
0 0.012437  0.02985 0.042288  0.092039  0.082089  0.032338  0.042288  0.054726  0.054726  0.044776  0.049751  0.049751  0.037313  0.047263  0.052238  0.0398  0.0398  0.02985 0.007462  0.002487  0.004975  0.002487  0.014925  0.004975  0.017412  0.002487  0.012437  0.012437  0.004975  0.007462  0 0.014925  0.057213
-1  -1  -1  -1  -1  -1  -1  -1  -1  -1  -1  -1  -1  -1  -1  -1  -1  -1  -1  -1  -1  -1  -1  -1  -1  -1  -1  -1  -1  -1  -1  -1  -1  -1
0  0.012539  0.021943  0.018808  0.050156  0.087774  0.090909  0.087774  0.068965  0.053291  0.047021  0.025078  0.031347  0.025078  0.034482  0.025078  0.021943  0.040752  0.021943  0.021943  0.003134  0.015673  0.025078  0.006269  0.006269  0.003134  0.006269  0.006269  0.006269  0.009404  0.006269  0.006269  0.003134  0.109717
0.003236  0 0.012944  0.045307  0.038834  0.038834  0.090614  0.106796  0.097087  0.038834  0.025889  0.042071  0.035598  0.048543  0.019417  0.012944  0.032362  0.016181  0.025889  0.012944  0.038834  0.022653  0.012944  0.012944  0.016181  0.016181  0.006472  0 0.009708  0.003236  0.006472  0.006472  0.003236  0.103559
0  0.008333  0.0375  0.170833  0.108333  0.054166  0.05  0.083333  0.1 0.041666  0.054166  0.029166  0.025 0.0125  0.033333  0.008333  0.020833  0.004166  0.0375  0.008333  0.020833  0.008333  0.004166  0.0125  0.016666  0 0 0.008333  0 0 0.004166  0.004166  0.004166  0.029166
-1  -1  -1  -1  -1  -1  -1  -1  -1  -1  -1  -1  -1  -1  -1  -1  -1  -1  -1  -1  -1  -1  -1  -1  -1  -1  -1  -1  -1  -1  -1  -1  -1  -1
0.003731  0.037313  0.082089  0.160447  0.08582 0.093283  0.044776  0.02985 0.059701  0.033582  0.022388  0.037313  0.003731  0.02985 0.026119  0.011194  0.011194  0.007462  0.007462  0.022388  0.018656  0.014925  0.026119  0.003731  0.003731  0.014925  0 0.011194  0 0.007462  0.011194  0.003731  0.003731  0.074626
-1  -1  -1  -1  -1  -1  -1  -1  -1  -1  -1  -1  -1  -1  -1  -1  -1  -1  -1  -1  -1  -1  -1  -1  -1  -1  -1  -1  -1  -1  -1  -1  -1  -1
0 0.014705  0.049019  0.088235  0.156862  0.161764  0.098039  0.073529  0.014705  0.039215  0.034313  0.024509  0.019607  0.019607  0.019607  0.019607  0.019607  0.009803  0.009803  0.009803  0.004901  0.024509  0 0.009803  0.004901  0.019607  0.004901  0.004901  0 0.004901  0.009803  0.004901  0 0.024509
-1  -1  -1  -1  -1  -1  -1  -1  -1  -1  -1  -1  -1  -1  -1  -1  -1  -1  -1  -1  -1  -1  -1  -1  -1  -1  -1  -1  -1  -1  -1  -1  -1  -1
-1  -1  -1  -1  -1  -1  -1  -1  -1  -1  -1  -1  -1  -1  -1  -1  -1  -1  -1  -1  -1  -1  -1  -1  -1  -1  -1  -1  -1  -1  -1  -1  -1  -1
-1  -1  -1  -1  -1  -1  -1  -1  -1  -1  -1  -1  -1  -1  -1  -1  -1  -1  -1  -1  -1  -1  -1  -1  -1  -1  -1  -1  -1  -1  -1  -1  -1  -1
-1  -1  -1  -1  -1  -1  -1  -1  -1  -1  -1  -1  -1  -1  -1  -1  -1  -1  -1  -1  -1  -1  -1  -1  -1  -1  -1  -1  -1  -1  -1  -1  -1  -1
0 0.01  0.03  0.045 0.06  0.085 0.145 0.125 0.095 0.085 0.055 0.03  0.02  0.03  0.005 0.01  0.02  0.005 0.01  0.015 0 0.01  0.005 0 0 0.005 0.01  0 0 0.005 0.005 0.005 0 0.075
0 0.02952 0.01107 0.02583 0.0369  0.04797 0.06642 0.08487 0.151291  0.07011 0.0369  0.04059 0.04797 0.04428 0.02214 0.02214 0.02952 0 0.02214 0.00738 0 0.01107 0.00738 0.00369 0.00369 0.00738 0.00369 0.00369 0.01107 0 0.00738 0 0.01107 0.132841
0.024096  0.054216  0.054216  0.066265  0.042168  0.048192  0.048192  0.054216  0.078313  0.102409  0.054216  0.06024 0.036144  0.06024 0.036144  0.012048  0.006024  0.018072  0.006024  0 0 0.012048  0 0.018072  0 0.006024  0.018072  0.006024  0.012048  0.006024  0.006024  0.006024  0.006024  0.066265
0 0.049079  0.153374  0.110429  0.073619  0.061349  0.073619  0.061349  0.049079  0.061349  0.067484  0.073619  0.042944  0.018404  0.024539  0.024539  0.006134  0 0.012269  0.006134  0.006134  0 0.006134  0 0 0 0 0 0 0 0.006134  0 0 0.012269
0 0.048245  0.074561  0.22807 0.114035  0.100877  0.030701  0.030701  0.030701  0.021929  0.030701  0.043859  0.039473  0.026315  0.017543  0.030701  0.017543  0.017543  0.008771  0.013157  0.008771  0.004385  0.004385  0.004385  0 0 0.004385  0 0 0.013157  0 0 0 0.035087
0 0.037735  0.122641  0.10849 0.122641  0.113207  0.084905  0.037735  0.042452  0.028301  0.037735  0.037735  0.037735  0.037735  0.004716  0.028301  0.01415 0.018867  0.01415 0.009433  0.004716  0.004716  0.004716  0 0 0.004716  0.004716  0 0 0 0.009433  0 0.004716  0.023584
0.015957  0.039893  0.095744  0.085106  0.101063  0.146276  0.11968 0.095744  0.042553  0.029255  0.018617  0.029255  0.013297  0.018617  0.021276  0.026595  0.021276  0.005319  0.013297  0.013297  0.007978  0.005319  0.002659  0.007978  0.002659  0.005319  0.005319  0 0 0 0 0 0.002659  0.023936
0.044444  0.177777  0.118518  0.088888  0.103703  0.103703  0.133333  0.022222  0.007407  0.029629  0.037037  0.007407  0.022222  0.014814  0.037037  0.022222  0 0 0 0 0.007407  0.007407  0 0.014814  0 0 0.007407  0 0.007407  0.007407  0.007407  0 0 0.014814
0.012987  0.077922  0.324675  0.142857  0.051948  0.025974  0.064935  0.025974  0.012987  0.025974  0.025974  0 0.012987  0.012987  0.012987  0 0.038961  0.012987  0 0.012987  0 0 0.012987  0 0 0 0 0.025974  0.025974  0 0 0 0.012987  0.038961
-1  -1  -1  -1  -1  -1  -1  -1  -1  -1  -1  -1  -1  -1  -1  -1  -1  -1  -1  -1  -1  -1  -1  -1  -1  -1  -1  -1  -1  -1  -1  -1  -1  -1
# ageObsProp_mT 
-1  -1  -1  -1  -1  -1  -1  -1  -1  -1  -1  -1  -1  -1  -1  -1  -1  -1  -1  -1  -1  -1  -1  -1  -1  -1  -1  -1  -1  -1  -1  -1  -1  -1
-1  -1  -1  -1  -1  -1  -1  -1  -1  -1  -1  -1  -1  -1  -1  -1  -1  -1  -1  -1  -1  -1  -1  -1  -1  -1  -1  -1  -1  -1  -1  -1  -1  -1
-1  -1  -1  -1  -1  -1  -1  -1  -1  -1  -1  -1  -1  -1  -1  -1  -1  -1  -1  -1  -1  -1  -1  -1  -1  -1  -1  -1  -1  -1  -1  -1  -1  -1
-1  -1  -1  -1  -1  -1  -1  -1  -1  -1  -1  -1  -1  -1  -1  -1  -1  -1  -1  -1  -1  -1  -1  -1  -1  -1  -1  -1  -1  -1  -1  -1  -1  -1
-1  -1  -1  -1  -1  -1  -1  -1  -1  -1  -1  -1  -1  -1  -1  -1  -1  -1  -1  -1  -1  -1  -1  -1  -1  -1  -1  -1  -1  -1  -1  -1  -1  -1
-1  -1  -1  -1  -1  -1  -1  -1  -1  -1  -1  -1  -1  -1  -1  -1  -1  -1  -1  -1  -1  -1  -1  -1  -1  -1  -1  -1  -1  -1  -1  -1  -1  -1
-1  -1  -1  -1  -1  -1  -1  -1  -1  -1  -1  -1  -1  -1  -1  -1  -1  -1  -1  -1  -1  -1  -1  -1  -1  -1  -1  -1  -1  -1  -1  -1  -1  -1
0.039049919 0.250619756 0.098070974 0.067101309 0.022567293 0.016448255 0.03421921  0.016643526 0.032914902 0.035810765 0.04331803  0.027137156 0.049072995 0.040165541 0.047051886 0.018622766 0.003190651 0.015583152 0.015734188 0.015597485 0.007017544 0.030579922 0.001340156 0.005734259 0.004643963 0.001519807 0 0.001670844 0.001519807 0.002694645 0.008537351 0 0.021442495 0.02243013
-1  -1  -1  -1  -1  -1  -1  -1  -1  -1  -1  -1  -1  -1  -1  -1  -1  -1  -1  -1  -1  -1  -1  -1  -1  -1  -1  -1  -1  -1  -1  -1  -1  -1
-1  -1  -1  -1  -1  -1  -1  -1  -1  -1  -1  -1  -1  -1  -1  -1  -1  -1  -1  -1  -1  -1  -1  -1  -1  -1  -1  -1  -1  -1  -1  -1  -1  -1
-1  -1  -1  -1  -1  -1  -1  -1  -1  -1  -1  -1  -1  -1  -1  -1  -1  -1  -1  -1  -1  -1  -1  -1  -1  -1  -1  -1  -1  -1  -1  -1  -1  -1
-1  -1  -1  -1  -1  -1  -1  -1  -1  -1  -1  -1  -1  -1  -1  -1  -1  -1  -1  -1  -1  -1  -1  -1  -1  -1  -1  -1  -1  -1  -1  -1  -1  -1
-1  -1  -1  -1  -1  -1  -1  -1  -1  -1  -1  -1  -1  -1  -1  -1  -1  -1  -1  -1  -1  -1  -1  -1  -1  -1  -1  -1  -1  -1  -1  -1  -1  -1
-1  -1  -1  -1  -1  -1  -1  -1  -1  -1  -1  -1  -1  -1  -1  -1  -1  -1  -1  -1  -1  -1  -1  -1  -1  -1  -1  -1  -1  -1  -1  -1  -1  -1
-1  -1  -1  -1  -1  -1  -1  -1  -1  -1  -1  -1  -1  -1  -1  -1  -1  -1  -1  -1  -1  -1  -1  -1  -1  -1  -1  -1  -1  -1  -1  -1  -1  -1
-1  -1  -1  -1  -1  -1  -1  -1  -1  -1  -1  -1  -1  -1  -1  -1  -1  -1  -1  -1  -1  -1  -1  -1  -1  -1  -1  -1  -1  -1  -1  -1  -1  -1
0.092283636 0.343157258 0.13817573  0.077653274 0.032298611 0.013049022 0.027180179 0.003552298 0.00646976  0.009845687 0.001177163 0.000432246 0.00219101  0.000710544 0.001467963 0.000687274 0.000393006 0.000619137 0.000944006 0.000493509 0.000100503 6.28E-05  6.28E-05  6.81E-05  0.003858  3.41E-05  0 0.000358938 3.41E-05  0 0.000134571 0 0 0.00431382
-1  -1  -1  -1  -1  -1  -1  -1  -1  -1  -1  -1  -1  -1  -1  -1  -1  -1  -1  -1  -1  -1  -1  -1  -1  -1  -1  -1  -1  -1  -1  -1  -1  -1
-1  -1  -1  -1  -1  -1  -1  -1  -1  -1  -1  -1  -1  -1  -1  -1  -1  -1  -1  -1  -1  -1  -1  -1  -1  -1  -1  -1  -1  -1  -1  -1  -1  -1
-1  -1  -1  -1  -1  -1  -1  -1  -1  -1  -1  -1  -1  -1  -1  -1  -1  -1  -1  -1  -1  -1  -1  -1  -1  -1  -1  -1  -1  -1  -1  -1  -1  -1
-1  -1  -1  -1  -1  -1  -1  -1  -1  -1  -1  -1  -1  -1  -1  -1  -1  -1  -1  -1  -1  -1  -1  -1  -1  -1  -1  -1  -1  -1  -1  -1  -1  -1
-1  -1  -1  -1  -1  -1  -1  -1  -1  -1  -1  -1  -1  -1  -1  -1  -1  -1  -1  -1  -1  -1  -1  -1  -1  -1  -1  -1  -1  -1  -1  -1  -1  -1
-1  -1  -1  -1  -1  -1  -1  -1  -1  -1  -1  -1  -1  -1  -1  -1  -1  -1  -1  -1  -1  -1  -1  -1  -1  -1  -1  -1  -1  -1  -1  -1  -1  -1
-1  -1  -1  -1  -1  -1  -1  -1  -1  -1  -1  -1  -1  -1  -1  -1  -1  -1  -1  -1  -1  -1  -1  -1  -1  -1  -1  -1  -1  -1  -1  -1  -1  -1
-1  -1  -1  -1  -1  -1  -1  -1  -1  -1  -1  -1  -1  -1  -1  -1  -1  -1  -1  -1  -1  -1  -1  -1  -1  -1  -1  -1  -1  -1  -1  -1  -1  -1
-1  -1  -1  -1  -1  -1  -1  -1  -1  -1  -1  -1  -1  -1  -1  -1  -1  -1  -1  -1  -1  -1  -1  -1  -1  -1  -1  -1  -1  -1  -1  -1  -1  -1
-1  -1  -1  -1  -1  -1  -1  -1  -1  -1  -1  -1  -1  -1  -1  -1  -1  -1  -1  -1  -1  -1  -1  -1  -1  -1  -1  -1  -1  -1  -1  -1  -1  -1
0.071927588 0.05754717  0.008635704 0.007474601 0 0.000290276 0.000580552 0 0 0 0 0 0 0 0 0 0 0 0 0 0 0 0 0 0 0 0 0 0 0 0 0 0 0
-1  -1  -1  -1  -1  -1  -1  -1  -1  -1  -1  -1  -1  -1  -1  -1  -1  -1  -1  -1  -1  -1  -1  -1  -1  -1  -1  -1  -1  -1  -1  -1  -1  -1
-1  -1  -1  -1  -1  -1  -1  -1  -1  -1  -1  -1  -1  -1  -1  -1  -1  -1  -1  -1  -1  -1  -1  -1  -1  -1  -1  -1  -1  -1  -1  -1  -1  -1
-1  -1  -1  -1  -1  -1  -1  -1  -1  -1  -1  -1  -1  -1  -1  -1  -1  -1  -1  -1  -1  -1  -1  -1  -1  -1  -1  -1  -1  -1  -1  -1  -1  -1
-1  -1  -1  -1  -1  -1  -1  -1  -1  -1  -1  -1  -1  -1  -1  -1  -1  -1  -1  -1  -1  -1  -1  -1  -1  -1  -1  -1  -1  -1  -1  -1  -1  -1
-1  -1  -1  -1  -1  -1  -1  -1  -1  -1  -1  -1  -1  -1  -1  -1  -1  -1  -1  -1  -1  -1  -1  -1  -1  -1  -1  -1  -1  -1  -1  -1  -1  -1
0.103324306 0.228850065 0.080816454 0.054779112 0.027838375 0.013690533 0.030582576 0.012568312 0.016000636 0.020027302 0.012339595 0.007859201 0.01830226  0.012610906 0.016699105 0.006399263 0.001843146 0.005484021 0.006411925 0.004413016 0.001870623 0.004857016 0.000802463 0.001449163 0.004523078 0.000457621 0 0.001385525 0.000457621 0.000533922 0.001959648 0 0.002395872 0.008937946
0.112253272 0.169529891 0.046096933 0.03181895  0.010598415 0.006998005 0.015723738 0.006578499 0.008071235 0.008933605 0.007008554 0.005248326 0.010620156 0.007283411 0.006758374 0.003519931 0.001046798 0.002827647 0.003182161 0.002255366 0.000584262 0.00207708  0.000442217 0.001004437 0.001493128 0.000346142 0 0.000700655 0.000346142 0.000312153 0.000930405 0 0.001634863 0.004011302
0.129460795 0.358790511 0.104066864 0.068653847 0.017496621 0.012402502 0.027507485 0.00869601  0.009379403 0.011691958 0.008212418 0.005760644 0.013456871 0.008845276 0.00824502  0.004554462 0.00144476  0.003841021 0.004572341 0.003000848 0.001104651 0.001346899 0.000591085 0.001055438 0.002281232 0.000356721 0 0.00108804  0.000356721 0.000341997 0.001228814 0 0.000755814 0.004898473
0.109908486 0.330439979 0.11299338  0.065298652 0.017701138 0.011387243 0.023225969 0.002879825 0.00479918  0.006887613 0.003894654 0.001260012 0.004316889 0.003399038 0.003956745 0.002045948 0.000334558 0.002001481 0.002291573 0.001970402 0.001224311 0.004053709 0.000118423 0.000250233 0.002011203 2.22E-05  0 0.000312324 2.22E-05  0.000205767 0.001246545 0 0.003935286 0.003426142
0.137671889 0.488058341 0.14276534  0.092353308 0.016672865 0.012128993 0.025030953 0.002494342 0.004220688 0.005860238 0.00136636  0.001147563 0.002551348 0.00128281  0.001385073 0.000780055 0.000339818 0.00059303  0.000745822 0.000489919 6.90E-05  7.18E-05  7.18E-05  0.000227593 0.00213178  9.35E-05  0 0.000246305 9.35E-05  4.06E-05  0.000162478 0 0 0.002543437
-1  -1  -1  -1  -1  -1  -1  -1  -1  -1  -1  -1  -1  -1  -1  -1  -1  -1  -1  -1  -1  -1  -1  -1  -1  -1  -1  -1  -1  -1  -1  -1  -1  -1
0.01750916  0.095329441 0.05051683  0.06786627  0.046171359 0.03312248  0.082942448 0.057064403 0.051612171 0.054615441 0.04891837  0.035381686 0.079691703 0.049627098 0.048836416 0.025113149 0.009014566 0.020916216 0.025733849 0.018426331 0.003809524 0.012169312 0.002645503 0.006998053 0.005258878 0.002098467 0 0.0069161 0.002098467 0.00280112  0.00590799  0 0.00952381  0.021363391
0.057172234 0.322815956 0.138817172 0.089554827 0.041956963 0.022223418 0.056535629 0.027420223 0.020593501 0.028610884 0.019897736 0.011383706 0.03594447  0.018299251 0.02244903  0.010968515 0.005144613 0.009627483 0.013431065 0.007187276 0.000879121 0.001510989 0.001510989 0.001922803 0.004055717 0.000670516 0 0.004474097 0.000670516 0.000581771 0.001549637 0 0 0.011150879
0.018323744 0.115336052 0.057717106 0.057075823 0.041065242 0.026529381 0.076225299 0.059097628 0.042539443 0.055941101 0.049828194 0.032261591 0.089504625 0.056206402 0.054040665 0.028376637 0.010901998 0.024610158 0.031745678 0.014496769 0.001515152 0.005576599 0.005576599 0.004806288 0.002994844 0.001883239 0 0.009018759 0.001883239 0.00103981  0.003398391 0 0 0.020483543
0.018291788 0.117794446 0.063838814 0.061116373 0.044874871 0.028699168 0.064796033 0.043423358 0.049172703 0.053921292 0.049520733 0.038608226 0.076971473 0.059817509 0.046473635 0.026465125 0.006347504 0.022088382 0.024059143 0.017322932 0.005316456 0.012658228 0.003797468 0.007206229 0.007239449 0.002188372 0 0.004159132 0.002188372 0.002829486 0.007504827 0 0.008860759 0.022447713
-1  -1  -1  -1  -1  -1  -1  -1  -1  -1  -1  -1  -1  -1  -1  -1  -1  -1  -1  -1  -1  -1  -1  -1  -1  -1  -1  -1  -1  -1  -1  -1  -1  -1
0.235562047 0.268513523 0.015727771 0.012549128 0.001095045 0.000973682 0.001969621 0.000341233 0.000621592 0.000603506 0.000250845 0.00033085  0.000466198 0.000392809 0.000193096 0.000157605 2.89E-05  9.99E-05  7.10E-05  2.89E-05  0 3.55E-05  3.55E-05  5.77E-05  0.000164862 2.89E-05  0 0 2.89E-05  0 2.89E-05  0 0 0.000229228
0.109752011 0.46854239  0.138386039 0.098829035 0.014741525 0.017657604 0.041051877 0.014709585 0.010584402 0.011952482 0.007985351 0.003893332 0.014462028 0.00662755  0.009459839 0.00426874  0.002271912 0.00377297  0.005549112 0.002379451 0 0.000723644 0.000723644 0.00054954  0.000643496 0.000247885 0 0.002024027 0.000247885 5.38E-05  0.000247885 0 0 0.004004683
-1  -1  -1  -1  -1  -1  -1  -1  -1  -1  -1  -1  -1  -1  -1  -1  -1  -1  -1  -1  -1  -1  -1  -1  -1  -1  -1  -1  -1  -1  -1  -1  -1  -1
-1  -1  -1  -1  -1  -1  -1  -1  -1  -1  -1  -1  -1  -1  -1  -1  -1  -1  -1  -1  -1  -1  -1  -1  -1  -1  -1  -1  -1  -1  -1  -1  -1  -1
-1  -1  -1  -1  -1  -1  -1  -1  -1  -1  -1  -1  -1  -1  -1  -1  -1  -1  -1  -1  -1  -1  -1  -1  -1  -1  -1  -1  -1  -1  -1  -1  -1  -1
0.015524589 0.108653463 0.056494799 0.053779018 0.040902959 0.025823862 0.063985744 0.048920944 0.047640055 0.053312426 0.051705219 0.044999654 0.090938829 0.067326062 0.053069301 0.029952352 0.008329672 0.024324448 0.027026216 0.016574051 0.003474903 0.006998069 0.005067568 0.008012642 0.005622999 0.002813952 0 0.00551572  0.002813952 0.002384738 0.006288855 0 0.001930502 0.019792439
-1  -1  -1  -1  -1  -1  -1  -1  -1  -1  -1  -1  -1  -1  -1  -1  -1  -1  -1  -1  -1  -1  -1  -1  -1  -1  -1  -1  -1  -1  -1  -1  -1  -1
-1  -1  -1  -1  -1  -1  -1  -1  -1  -1  -1  -1  -1  -1  -1  -1  -1  -1  -1  -1  -1  -1  -1  -1  -1  -1  -1  -1  -1  -1  -1  -1  -1  -1
0.083897362 0.403687275 0.160265929 0.093235042 0.031001691 0.019362132 0.040321116 0.007174358 0.013501908 0.018182245 0.010105532 0.005567677 0.011913854 0.008327769 0.009754239 0.004186286 0.001114832 0.003594176 0.004116898 0.003580797 0.002401747 0.003024927 0.00029567  0.001170071 0.005120854 0.000296055 0 0.000818777 0.000296055 0.00057796  0.001606099 0 0.001637555 0.009588124
0.149816996 0.495166977 0.135620371 0.094612811 0.018435713 0.013968214 0.02794415  0.004566186 0.009178486 0.010107913 0.002996619 0.004221843 0.005537607 0.004630606 0.002156192 0.001700561 0.000325945 0.00104867  0.000722725 0.000703019 0 0.000267094 0.000267094 0.000840427 0.003497056 0.000325945 0 0 0.000325945 0.000188537 0.000325945 0 0 0.004090096
# ageObsProp_m2 
-1 -1 -1 -1 -1 -1 -1 -1 -1 -1 -1 -1 -1 -1 -1 -1 -1 -1 -1 -1 -1 -1 -1 -1 -1 -1 -1 -1 -1 -1 -1 -1 -1 -1
-1 -1 -1 -1 -1 -1 -1 -1 -1 -1 -1 -1 -1 -1 -1 -1 -1 -1 -1 -1 -1 -1 -1 -1 -1 -1 -1 -1 -1 -1 -1 -1 -1 -1
-1 -1 -1 -1 -1 -1 -1 -1 -1 -1 -1 -1 -1 -1 -1 -1 -1 -1 -1 -1 -1 -1 -1 -1 -1 -1 -1 -1 -1 -1 -1 -1 -1 -1
-1 -1 -1 -1 -1 -1 -1 -1 -1 -1 -1 -1 -1 -1 -1 -1 -1 -1 -1 -1 -1 -1 -1 -1 -1 -1 -1 -1 -1 -1 -1 -1 -1 -1
-1 -1 -1 -1 -1 -1 -1 -1 -1 -1 -1 -1 -1 -1 -1 -1 -1 -1 -1 -1 -1 -1 -1 -1 -1 -1 -1 -1 -1 -1 -1 -1 -1 -1
-1 -1 -1 -1 -1 -1 -1 -1 -1 -1 -1 -1 -1 -1 -1 -1 -1 -1 -1 -1 -1 -1 -1 -1 -1 -1 -1 -1 -1 -1 -1 -1 -1 -1
-1 -1 -1 -1 -1 -1 -1 -1 -1 -1 -1 -1 -1 -1 -1 -1 -1 -1 -1 -1 -1 -1 -1 -1 -1 -1 -1 -1 -1 -1 -1 -1 -1 -1
-1 -1 -1 -1 -1 -1 -1 -1 -1 -1 -1 -1 -1 -1 -1 -1 -1 -1 -1 -1 -1 -1 -1 -1 -1 -1 -1 -1 -1 -1 -1 -1 -1 -1
-1 -1 -1 -1 -1 -1 -1 -1 -1 -1 -1 -1 -1 -1 -1 -1 -1 -1 -1 -1 -1 -1 -1 -1 -1 -1 -1 -1 -1 -1 -1 -1 -1 -1
-1 -1 -1 -1 -1 -1 -1 -1 -1 -1 -1 -1 -1 -1 -1 -1 -1 -1 -1 -1 -1 -1 -1 -1 -1 -1 -1 -1 -1 -1 -1 -1 -1 -1
-1 -1 -1 -1 -1 -1 -1 -1 -1 -1 -1 -1 -1 -1 -1 -1 -1 -1 -1 -1 -1 -1 -1 -1 -1 -1 -1 -1 -1 -1 -1 -1 -1 -1
-1 -1 -1 -1 -1 -1 -1 -1 -1 -1 -1 -1 -1 -1 -1 -1 -1 -1 -1 -1 -1 -1 -1 -1 -1 -1 -1 -1 -1 -1 -1 -1 -1 -1
-1 -1 -1 -1 -1 -1 -1 -1 -1 -1 -1 -1 -1 -1 -1 -1 -1 -1 -1 -1 -1 -1 -1 -1 -1 -1 -1 -1 -1 -1 -1 -1 -1 -1
-1 -1 -1 -1 -1 -1 -1 -1 -1 -1 -1 -1 -1 -1 -1 -1 -1 -1 -1 -1 -1 -1 -1 -1 -1 -1 -1 -1 -1 -1 -1 -1 -1 -1
-1 -1 -1 -1 -1 -1 -1 -1 -1 -1 -1 -1 -1 -1 -1 -1 -1 -1 -1 -1 -1 -1 -1 -1 -1 -1 -1 -1 -1 -1 -1 -1 -1 -1
-1 -1 -1 -1 -1 -1 -1 -1 -1 -1 -1 -1 -1 -1 -1 -1 -1 -1 -1 -1 -1 -1 -1 -1 -1 -1 -1 -1 -1 -1 -1 -1 -1 -1
-1 -1 -1 -1 -1 -1 -1 -1 -1 -1 -1 -1 -1 -1 -1 -1 -1 -1 -1 -1 -1 -1 -1 -1 -1 -1 -1 -1 -1 -1 -1 -1 -1 -1
-1 -1 -1 -1 -1 -1 -1 -1 -1 -1 -1 -1 -1 -1 -1 -1 -1 -1 -1 -1 -1 -1 -1 -1 -1 -1 -1 -1 -1 -1 -1 -1 -1 -1
-1 -1 -1 -1 -1 -1 -1 -1 -1 -1 -1 -1 -1 -1 -1 -1 -1 -1 -1 -1 -1 -1 -1 -1 -1 -1 -1 -1 -1 -1 -1 -1 -1 -1
-1 -1 -1 -1 -1 -1 -1 -1 -1 -1 -1 -1 -1 -1 -1 -1 -1 -1 -1 -1 -1 -1 -1 -1 -1 -1 -1 -1 -1 -1 -1 -1 -1 -1
-1 -1 -1 -1 -1 -1 -1 -1 -1 -1 -1 -1 -1 -1 -1 -1 -1 -1 -1 -1 -1 -1 -1 -1 -1 -1 -1 -1 -1 -1 -1 -1 -1 -1
-1 -1 -1 -1 -1 -1 -1 -1 -1 -1 -1 -1 -1 -1 -1 -1 -1 -1 -1 -1 -1 -1 -1 -1 -1 -1 -1 -1 -1 -1 -1 -1 -1 -1
-1 -1 -1 -1 -1 -1 -1 -1 -1 -1 -1 -1 -1 -1 -1 -1 -1 -1 -1 -1 -1 -1 -1 -1 -1 -1 -1 -1 -1 -1 -1 -1 -1 -1
0 0.134513 0.083186 0.067257 0.072566 0.065487 0.092035 0.065487 0.047788 0.028319 0.010619 0.017699 0.015929 0.017699 0.00885 0.015929 0.00531 0.017699 0.017699 0.017699 0.00885 0.015929 0.00531 0.014159 0.010619 0.012389 0.012389 0.012389 0.00885 0.00885 0.012389 0.00885 0.00177 0.065487
0 0.067364 0.062132 0.076521 0.089601 0.097449 0.077829 0.083715 0.051014 0.037279 0.022891 0.015043 0.009156 0.011118 0.00981 0.013734 0.00981 0.007194 0.015043 0.019621 0.014388 0.01308 0.008502 0.018313 0.011772 0.007194 0.012426 0.010464 0.020929 0.007848 0.015697 0.008502 0.00327 0.071288
0 0.073099 0.076023 0.049708 0.035088 0.035088 0.023392 0.023392 0.026316 0.017544 0.011696 0.017544 0.005848 0.002924 0.017544 0.008772 0.002924 0.005848 0.020468 0.005848 0.002924 0.002924 0.017544 0.038012 0.01462 0.01462 0.023392 0.020468 0.038012 0.020468 0.038012 0.02924 0.01462 0.266082
0 0.040512 0.044776 0.044776 0.091684 0.066098 0.06823 0.03838 0.055437 0.072495 0.021322 0.036247 0.023454 0.021322 0.006397 0.004264 0.006397 0.010661 0.008529 0.008529 0.006397 0.006397 0.010661 0.012793 0.006397 0.008529 0.021322 0.014925 0.012793 0.006397 0.004264 0.029851 0.012793 0.176972
0 0.031429 0.034286 0.042857 0.06 0.07 0.058571 0.051429 0.038571 0.037143 0.038571 0.042857 0.031429 0.027143 0.012857 0.012857 0.007143 0.012857 0.008571 0.011429 0.004286 0.012857 0.011429 0.01 0.01 0.008571 0.021429 0.011429 0.014286 0.015714 0.012857 0.014286 0.024286 0.198571
0 0.079886 0.077033 0.034237 0.052782 0.064194 0.075606 0.048502 0.035663 0.029957 0.038516 0.045649 0.038516 0.034237 0.024251 0.018545 0.011412 0.007133 0.00428 0.008559 0.005706 0.001427 0.005706 0.009986 0.005706 0.007133 0.008559 0.008559 0.014265 0.005706 0.011412 0.012839 0.007133 0.166904
0 0.026287 0.071194 0.054765 0.067908 0.061336 0.05805 0.052574 0.049288 0.043812 0.040526 0.046002 0.035049 0.032859 0.036145 0.026287 0.024096 0.007667 0.008762 0.009858 0.010953 0.004381 0.007667 0.007667 0.005476 0.004381 0.004381 0.013143 0.012048 0.007667 0.010953 0.010953 0.010953 0.136911
0 0.00813 0.043902 0.078049 0.081301 0.039024 0.037398 0.034146 0.045528 0.052033 0.042276 0.04065 0.030894 0.030894 0.037398 0.026016 0.02439 0.01626 0.014634 0.011382 0.00813 0.013008 0.009756 0.00813 0.006504 0.006504 0.009756 0.013008 0.004878 0.011382 0.006504 0.011382 0.009756 0.186992
0 0.016471 0.030588 0.051765 0.08 0.047059 0.032941 0.047059 0.032941 0.023529 0.044706 0.035294 0.023529 0.025882 0.037647 0.032941 0.030588 0.037647 0.018824 0.014118 0.014118 0.002353 0.007059 0.011765 0.014118 0.011765 0.007059 0.014118 0.018824 0 0.014118 0.009412 0.016471 0.195294
0 0.026549 0.035398 0.070796 0.123894 0.19469 0.035398 0.070796 0.026549 0.044248 0.035398 0.017699 0.026549 0.026549 0.00885 0.035398 0.035398 0.017699 0.026549 0 0 0.00885 0.00885 0 0 0.00885 0 0.00885 0 0 0.00885 0.017699 0 0.079646
0 0.012461 0.024922 0.028037 0.05919 0.068536 0.090343 0.056075 0.031153 0.028037 0.034268 0.015576 0.028037 0.034268 0.024922 0.046729 0.015576 0.021807 0.009346 0.012461 0.009346 0.009346 0.009346 0.006231 0.003115 0.006231 0.009346 0.009346 0.012461 0.006231 0.021807 0.006231 0.009346 0.239875
0 0.017021 0.029787 0.051064 0.038298 0.051064 0.029787 0.059574 0.046809 0.025532 0.029787 0.051064 0.025532 0.017021 0.025532 0.046809 0.029787 0.034043 0.034043 0.017021 0.012766 0.004255 0.004255 0.004255 0 0.004255 0.004255 0.008511 0.017021 0.012766 0.012766 0.017021 0.012766 0.225532
0 0.024194 0 0.112903 0.040323 0.024194 0.008065 0.040323 0.024194 0.016129 0.016129 0.008065 0.032258 0.016129 0.024194 0.016129 0.016129 0.024194 0.016129 0.024194 0.016129 0.024194 0.016129 0.024194 0.008065 0 0.016129 0.008065 0.008065 0 0.008065 0.016129 0.016129 0.354839
0 0.013605 0.020408 0.054422 0.054422 0.068027 0.013605 0.027211 0.013605 0.054422 0.013605 0.020408 0.034014 0.054422 0.013605 0.013605 0.027211 0.013605 0.027211 0.006803 0.013605 0.013605 0.034014 0.013605 0.013605 0.013605 0.027211 0.006803 0.006803 0 0.006803 0.006803 0.013605 0.285714
0 0.01992 0.031873 0.043825 0.055777 0.081673 0.049801 0.021912 0.01992 0.025896 0.035857 0.025896 0.011952 0.02988 0.013944 0.021912 0.01992 0.015936 0.013944 0.01992 0.013944 0.01992 0.01992 0.00996 0.015936 0.005976 0.005976 0.005976 0.003984 0.007968 0.00996 0.013944 0.00996 0.296813
0 0.064039 0.103448 0.123153 0.098522 0.034483 0.068966 0.073892 0.024631 0.044335 0.009852 0.014778 0 0.024631 0.004926 0.004926 0.009852 0.014778 0.019704 0.004926 0.004926 0.004926 0.029557 0 0.009852 0 0 0.004926 0.004926 0.004926 0.014778 0 0.004926 0.172414
0 0.034091 0.090909 0.1875 0.113636 0.096591 0.079545 0.022727 0.017045 0.022727 0.005682 0.005682 0.005682 0 0.022727 0 0.005682 0.005682 0.017045 0.011364 0.011364 0.005682 0.011364 0.005682 0.005682 0.005682 0.011364 0 0 0 0.011364 0.017045 0 0.170455
0 0.018868 0.061321 0.169811 0.179245 0.117925 0.051887 0.061321 0.042453 0.023585 0.009434 0.014151 0.004717 0 0.009434 0.018868 0.004717 0.004717 0.004717 0.009434 0.004717 0.009434 0.009434 0.014151 0 0.014151 0.004717 0.004717 0.004717 0 0.014151 0.004717 0 0.108491
0 0.012422 0.015528 0.080745 0.229814 0.096273 0.10559 0.096273 0.043478 0.024845 0.015528 0.012422 0.012422 0.009317 0.006211 0.006211 0.012422 0.015528 0.012422 0.009317 0.003106 0.012422 0.009317 0.006211 0.006211 0.009317 0 0.003106 0.009317 0.012422 0 0 0.003106 0.108696
0 0.015924 0.025478 0.06051 0.136943 0.146497 0.073248 0.06051 0.057325 0.031847 0.022293 0.028662 0.009554 0.015924 0.009554 0.012739 0.012739 0.009554 0.009554 0.022293 0.006369 0.006369 0.003185 0.006369 0.009554 0.003185 0.019108 0.006369 0.006369 0.006369 0 0.009554 0.003185 0.152866
0 0.006579 0.042763 0.036184 0.0625 0.144737 0.220395 0.088816 0.075658 0.039474 0.042763 0.013158 0.019737 0.009868 0.013158 0.023026 0.006579 0.009868 0 0.009868 0 0.009868 0.003289 0.003289 0 0.003289 0.003289 0.006579 0.003289 0.006579 0.003289 0.003289 0.006579 0.082237
0 0.029851 0.044776 0.070896 0.048507 0.078358 0.152985 0.156716 0.052239 0.067164 0.018657 0.018657 0.033582 0.026119 0.003731 0.011194 0.014925 0 0.014925 0.007463 0 0 0.011194 0.007463 0.003731 0 0.011194 0.007463 0.007463 0.007463 0.003731 0.003731 0.003731 0.08209
-1 -1 -1 -1 -1 -1 -1 -1 -1 -1 -1 -1 -1 -1 -1 -1 -1 -1 -1 -1 -1 -1 -1 -1 -1 -1 -1 -1 -1 -1 -1 -1 -1 -1
-1 -1 -1 -1 -1 -1 -1 -1 -1 -1 -1 -1 -1 -1 -1 -1 -1 -1 -1 -1 -1 -1 -1 -1 -1 -1 -1 -1 -1 -1 -1 -1 -1 -1
-1 -1 -1 -1 -1 -1 -1 -1 -1 -1 -1 -1 -1 -1 -1 -1 -1 -1 -1 -1 -1 -1 -1 -1 -1 -1 -1 -1 -1 -1 -1 -1 -1 -1
-1 -1 -1 -1 -1 -1 -1 -1 -1 -1 -1 -1 -1 -1 -1 -1 -1 -1 -1 -1 -1 -1 -1 -1 -1 -1 -1 -1 -1 -1 -1 -1 -1 -1
-1 -1 -1 -1 -1 -1 -1 -1 -1 -1 -1 -1 -1 -1 -1 -1 -1 -1 -1 -1 -1 -1 -1 -1 -1 -1 -1 -1 -1 -1 -1 -1 -1 -1
-1 -1 -1 -1 -1 -1 -1 -1 -1 -1 -1 -1 -1 -1 -1 -1 -1 -1 -1 -1 -1 -1 -1 -1 -1 -1 -1 -1 -1 -1 -1 -1 -1 -1
-1 -1 -1 -1 -1 -1 -1 -1 -1 -1 -1 -1 -1 -1 -1 -1 -1 -1 -1 -1 -1 -1 -1 -1 -1 -1 -1 -1 -1 -1 -1 -1 -1 -1
-1 -1 -1 -1 -1 -1 -1 -1 -1 -1 -1 -1 -1 -1 -1 -1 -1 -1 -1 -1 -1 -1 -1 -1 -1 -1 -1 -1 -1 -1 -1 -1 -1 -1
-1 -1 -1 -1 -1 -1 -1 -1 -1 -1 -1 -1 -1 -1 -1 -1 -1 -1 -1 -1 -1 -1 -1 -1 -1 -1 -1 -1 -1 -1 -1 -1 -1 -1
# ageObsProp_m3 
-1  -1  -1  -1  -1  -1  -1  -1  -1  -1  -1  -1  -1  -1  -1  -1  -1  -1  -1  -1  -1  -1  -1  -1  -1  -1  -1  -1  -1  -1  -1  -1  -1  -1
-1  -1  -1  -1  -1  -1  -1  -1  -1  -1  -1  -1  -1  -1  -1  -1  -1  -1  -1  -1  -1  -1  -1  -1  -1  -1  -1  -1  -1  -1  -1  -1  -1  -1
-1  -1  -1  -1  -1  -1  -1  -1  -1  -1  -1  -1  -1  -1  -1  -1  -1  -1  -1  -1  -1  -1  -1  -1  -1  -1  -1  -1  -1  -1  -1  -1  -1  -1
-1  -1  -1  -1  -1  -1  -1  -1  -1  -1  -1  -1  -1  -1  -1  -1  -1  -1  -1  -1  -1  -1  -1  -1  -1  -1  -1  -1  -1  -1  -1  -1  -1  -1
-1  -1  -1  -1  -1  -1  -1  -1  -1  -1  -1  -1  -1  -1  -1  -1  -1  -1  -1  -1  -1  -1  -1  -1  -1  -1  -1  -1  -1  -1  -1  -1  -1  -1
-1  -1  -1  -1  -1  -1  -1  -1  -1  -1  -1  -1  -1  -1  -1  -1  -1  -1  -1  -1  -1  -1  -1  -1  -1  -1  -1  -1  -1  -1  -1  -1  -1  -1
-1  -1  -1  -1  -1  -1  -1  -1  -1  -1  -1  -1  -1  -1  -1  -1  -1  -1  -1  -1  -1  -1  -1  -1  -1  -1  -1  -1  -1  -1  -1  -1  -1  -1
-1  -1  -1  -1  -1  -1  -1  -1  -1  -1  -1  -1  -1  -1  -1  -1  -1  -1  -1  -1  -1  -1  -1  -1  -1  -1  -1  -1  -1  -1  -1  -1  -1  -1
-1  -1  -1  -1  -1  -1  -1  -1  -1  -1  -1  -1  -1  -1  -1  -1  -1  -1  -1  -1  -1  -1  -1  -1  -1  -1  -1  -1  -1  -1  -1  -1  -1  -1
-1  -1  -1  -1  -1  -1  -1  -1  -1  -1  -1  -1  -1  -1  -1  -1  -1  -1  -1  -1  -1  -1  -1  -1  -1  -1  -1  -1  -1  -1  -1  -1  -1  -1
-1  -1  -1  -1  -1  -1  -1  -1  -1  -1  -1  -1  -1  -1  -1  -1  -1  -1  -1  -1  -1  -1  -1  -1  -1  -1  -1  -1  -1  -1  -1  -1  -1  -1
-1  -1  -1  -1  -1  -1  -1  -1  -1  -1  -1  -1  -1  -1  -1  -1  -1  -1  -1  -1  -1  -1  -1  -1  -1  -1  -1  -1  -1  -1  -1  -1  -1  -1
-1  -1  -1  -1  -1  -1  -1  -1  -1  -1  -1  -1  -1  -1  -1  -1  -1  -1  -1  -1  -1  -1  -1  -1  -1  -1  -1  -1  -1  -1  -1  -1  -1  -1
-1  -1  -1  -1  -1  -1  -1  -1  -1  -1  -1  -1  -1  -1  -1  -1  -1  -1  -1  -1  -1  -1  -1  -1  -1  -1  -1  -1  -1  -1  -1  -1  -1  -1
-1  -1  -1  -1  -1  -1  -1  -1  -1  -1  -1  -1  -1  -1  -1  -1  -1  -1  -1  -1  -1  -1  -1  -1  -1  -1  -1  -1  -1  -1  -1  -1  -1  -1
-1  -1  -1  -1  -1  -1  -1  -1  -1  -1  -1  -1  -1  -1  -1  -1  -1  -1  -1  -1  -1  -1  -1  -1  -1  -1  -1  -1  -1  -1  -1  -1  -1  -1
-1  -1  -1  -1  -1  -1  -1  -1  -1  -1  -1  -1  -1  -1  -1  -1  -1  -1  -1  -1  -1  -1  -1  -1  -1  -1  -1  -1  -1  -1  -1  -1  -1  -1
-1  -1  -1  -1  -1  -1  -1  -1  -1  -1  -1  -1  -1  -1  -1  -1  -1  -1  -1  -1  -1  -1  -1  -1  -1  -1  -1  -1  -1  -1  -1  -1  -1  -1
-1  -1  -1  -1  -1  -1  -1  -1  -1  -1  -1  -1  -1  -1  -1  -1  -1  -1  -1  -1  -1  -1  -1  -1  -1  -1  -1  -1  -1  -1  -1  -1  -1  -1
-1  -1  -1  -1  -1  -1  -1  -1  -1  -1  -1  -1  -1  -1  -1  -1  -1  -1  -1  -1  -1  -1  -1  -1  -1  -1  -1  -1  -1  -1  -1  -1  -1  -1
-1  -1  -1  -1  -1  -1  -1  -1  -1  -1  -1  -1  -1  -1  -1  -1  -1  -1  -1  -1  -1  -1  -1  -1  -1  -1  -1  -1  -1  -1  -1  -1  -1  -1
-1  -1  -1  -1  -1  -1  -1  -1  -1  -1  -1  -1  -1  -1  -1  -1  -1  -1  -1  -1  -1  -1  -1  -1  -1  -1  -1  -1  -1  -1  -1  -1  -1  -1
-1  -1  -1  -1  -1  -1  -1  -1  -1  -1  -1  -1  -1  -1  -1  -1  -1  -1  -1  -1  -1  -1  -1  -1  -1  -1  -1  -1  -1  -1  -1  -1  -1  -1
-1  -1  -1  -1  -1  -1  -1  -1  -1  -1  -1  -1  -1  -1  -1  -1  -1  -1  -1  -1  -1  -1  -1  -1  -1  -1  -1  -1  -1  -1  -1  -1  -1  -1
-1  -1  -1  -1  -1  -1  -1  -1  -1  -1  -1  -1  -1  -1  -1  -1  -1  -1  -1  -1  -1  -1  -1  -1  -1  -1  -1  -1  -1  -1  -1  -1  -1  -1
-1  -1  -1  -1  -1  -1  -1  -1  -1  -1  -1  -1  -1  -1  -1  -1  -1  -1  -1  -1  -1  -1  -1  -1  -1  -1  -1  -1  -1  -1  -1  -1  -1  -1
-1  -1  -1  -1  -1  -1  -1  -1  -1  -1  -1  -1  -1  -1  -1  -1  -1  -1  -1  -1  -1  -1  -1  -1  -1  -1  -1  -1  -1  -1  -1  -1  -1  -1
-1  -1  -1  -1  -1  -1  -1  -1  -1  -1  -1  -1  -1  -1  -1  -1  -1  -1  -1  -1  -1  -1  -1  -1  -1  -1  -1  -1  -1  -1  -1  -1  -1  -1
-1  -1  -1  -1  -1  -1  -1  -1  -1  -1  -1  -1  -1  -1  -1  -1  -1  -1  -1  -1  -1  -1  -1  -1  -1  -1  -1  -1  -1  -1  -1  -1  -1  -1
-1  -1  -1  -1  -1  -1  -1  -1  -1  -1  -1  -1  -1  -1  -1  -1  -1  -1  -1  -1  -1  -1  -1  -1  -1  -1  -1  -1  -1  -1  -1  -1  -1  -1
-1  -1  -1  -1  -1  -1  -1  -1  -1  -1  -1  -1  -1  -1  -1  -1  -1  -1  -1  -1  -1  -1  -1  -1  -1  -1  -1  -1  -1  -1  -1  -1  -1  -1
-1  -1  -1  -1  -1  -1  -1  -1  -1  -1  -1  -1  -1  -1  -1  -1  -1  -1  -1  -1  -1  -1  -1  -1  -1  -1  -1  -1  -1  -1  -1  -1  -1  -1
-1  -1  -1  -1  -1  -1  -1  -1  -1  -1  -1  -1  -1  -1  -1  -1  -1  -1  -1  -1  -1  -1  -1  -1  -1  -1  -1  -1  -1  -1  -1  -1  -1  -1
-1  -1  -1  -1  -1  -1  -1  -1  -1  -1  -1  -1  -1  -1  -1  -1  -1  -1  -1  -1  -1  -1  -1  -1  -1  -1  -1  -1  -1  -1  -1  -1  -1  -1
-1  -1  -1  -1  -1  -1  -1  -1  -1  -1  -1  -1  -1  -1  -1  -1  -1  -1  -1  -1  -1  -1  -1  -1  -1  -1  -1  -1  -1  -1  -1  -1  -1  -1
-1  -1  -1  -1  -1  -1  -1  -1  -1  -1  -1  -1  -1  -1  -1  -1  -1  -1  -1  -1  -1  -1  -1  -1  -1  -1  -1  -1  -1  -1  -1  -1  -1  -1
-1  -1  -1  -1  -1  -1  -1  -1  -1  -1  -1  -1  -1  -1  -1  -1  -1  -1  -1  -1  -1  -1  -1  -1  -1  -1  -1  -1  -1  -1  -1  -1  -1  -1
-1  -1  -1  -1  -1  -1  -1  -1  -1  -1  -1  -1  -1  -1  -1  -1  -1  -1  -1  -1  -1  -1  -1  -1  -1  -1  -1  -1  -1  -1  -1  -1  -1  -1
0.011527  0.112391  0.089337  0.100864  0.057636  0.051873  0.034582  0.034582  0.008645  0.025936  0.023054  0.008645  0.008645  0.011527  0 0.014409  0.005763  0.008645  0.011527  0.008645  0.014409  0.008645  0.008645  0.014409  0.014409  0.011527  0.008645  0.014409  0.002881  0.005763  0.014409  0.014409  0.014409  0.224783
0.00346 0.034602  0.096885  0.110726  0.089965  0.069204  0.041522  0.041522  0.031141  0.01038 0.024221  0.024221  0.020761  0.01038 0.024221  0.01038 0.00692 0.034602  0.01038 0 0.01384 0.027681  0.024221  0.017301  0.027681  0.017301  0.01038 0.00346 0.00346 0.00346 0.01038 0.00346 0.01038 0.131487
0.003205  0.025641  0.032051  0.13141 0.112179  0.105769  0.086538  0.044871  0.041666  0.025641  0.016025  0.003205  0.016025  0.003205  0.009615  0.022435  0.003205  0.009615  0.009615  0.00641 0.01923 0.00641 0.01282 0.00641 0.009615  0.022435  0.009615  0.003205  0.009615  0 0.003205  0.00641 0 0.182692
0 0.019157  0.030651  0.091954  0.134099  0.095785  0.068965  0.045977  0.026819  0.049808  0.034482  0.015325  0.011494  0.007662  0.022988  0.003831  0.007662  0.026819  0.015325  0.007662  0.007662  0.003831  0.022988  0.007662  0.003831  0.011494  0.007662  0.019157  0 0.007662  0.003831  0.015325  0.011494  0.160919
0.00303 0.00909 0.024242  0.033333  0.081818  0.112121  0.124242  0.066666  0.042424  0.045454  0.045454  0.027272  0.018181  0.012121  0.015151  0.00303 0.012121  0.012121  0.015151  0.012121  0.012121  0.012121  0.021212  0.018181  0.012121  0.018181  0.018181  0.00909 0.00909 0.00303 0.00606 0.00606 0.00303 0.136363
0 0 0.009118  0.021276  0.039513  0.097264  0.170212  0.085106  0.051671  0.054711  0.033434  0.024316  0.024316  0.018237  0.012158  0.009118  0.030395  0.018237  0.003039  0.012158  0.018237  0.009118  0.003039  0.027355  0.003039  0.015197  0.015197  0.006079  0.006079  0.006079  0.012158  0.003039  0.006079  0.155015
0.012106  0.016949  0.026634  0.053268  0.053268  0.050847  0.118644  0.116222  0.07506 0.070217  0.031476  0.041162  0.033898  0.012106  0.009685  0.009685  0.016949  0.021791  0.016949  0.012106  0.009685  0 0.004842  0.007263  0.009685  0.009685  0.002421  0.016949  0.004842  0.004842  0.009685  0.004842  0.009685  0.099273
0.067982  0.03728 0.019736  0.024122  0.035087  0.050438  0.061403  0.063596  0.157894  0.05921 0.050438  0.039473  0.01535 0.041666  0.01535 0.004385  0.013157  0.010964  0.01535 0.006578  0.002192  0.008771  0.010964  0.008771  0.010964  0.010964  0.006578  0.010964  0.008771  0.002192  0.006578  0.004385  0.002192  0.114035
0.049808  0.059386  0.070881  0.047892  0.022988  0.038314  0.038314  0.053639  0.032567  0.084291  0.086206  0.053639  0.044061  0.024904  0.022988  0.013409  0.011494  0.007662  0.007662  0.003831  0.007662  0.015325  0.003831  0.007662  0.013409  0.011494  0.003831  0.001915  0.003831  0 0.007662  0.009578  0.009578  0.130268
0.011804  0.047217  0.099494  0.062394  0.028667  0.037099  0.035413  0.026981  0.028667  0.045531  0.075885  0.059021  0.047217  0.037099  0.018549  0.018549  0.01349 0.008431  0.008431  0.005059  0.005059  0.005059  0.006745  0.005059  0.011804  0.005059  0.016863  0.01349 0.006745  0.001686  0.008431  0.006745  0.011804  0.180438
0.012578  0.044025  0.090146  0.115303  0.083857  0.046121  0.033542  0.02935 0.033542  0.025157  0.05241 0.035639  0.054507  0.027253  0.031446  0.02306 0.018867  0.006289  0.014675  0.006289  0.008385  0.006289  0.008385  0.008385  0.008385  0.006289  0.010482  0.006289  0.006289  0.004192  0 0.004192  0 0.138364
0.001194  0.015531  0.031063  0.075268  0.103942  0.124253  0.075268  0.062126  0.039426  0.04301 0.025089  0.019115  0.039426  0.041816  0.033452  0.015531  0.016726  0.015531  0.017921  0.005973  0.008363  0.004778  0.007168  0.008363  0.007168  0.005973  0.009557  0.001194  0.002389  0.003584  0.003584  0.009557  0.003584  0.121863
0.068292  0.060975  0.063414  0.058536  0.063414  0.117073  0.056097  0.046341  0.041463  0.029268  0.021951  0.026829  0.034146  0.043902  0.019512  0.017073  0.014634  0.002439  0.014634  0.017073  0.014634  0.012195  0.004878  0.002439  0.019512  0.004878  0.002439  0.002439  0.009756  0.002439  0.004878  0.007317  0.004878  0.090243
0.024793  0.095867  0.039669  0.061157  0.051239  0.054545  0.117355  0.069421  0.049586  0.03471 0.042975  0.031404  0.028099  0.02314 0.029752  0.02314 0.008264  0.018181  0.016528  0.004958  0.014876  0.014876  0.006611  0.009917  0.006611  0.004958  0 0.009917  0.003305  0.003305  0.001652  0.006611  0.001652  0.08595
0.107003  0.167315  0.128404  0.097276  0.035019  0.054474  0.03891 0.052529  0.044747  0.027237  0.015564  0.017509  0.019455  0.019455  0.0214  0.009727  0.009727  0.003891  0.025291  0.009727  0.013618  0.001945  0.001945  0.005836  0.001945  0.003891  0.003891  0 0.005836  0 0 0.005836  0 0.042801
0.113725  0.054901  0.062745  0.129411  0.070588  0.039215  0.035294  0.031372  0.02745 0.039215  0.02745 0 0.011764  0.011764  0.02745 0.019607  0.023529  0.019607  0.015686  0.02745 0.02745 0.011764  0.023529  0.007843  0.003921  0.003921  0.007843  0.003921  0.003921  0 0.003921  0.003921  0.011764  0.094117
# ageobsProp_f1 
-1  -1  -1  -1  -1  -1  -1  -1  -1  -1  -1  -1  -1  -1  -1  -1  -1  -1  -1  -1  -1  -1  -1  -1  -1  -1  -1  -1  -1  -1  -1  -1  -1  -1
-1  -1  -1  -1  -1  -1  -1  -1  -1  -1  -1  -1  -1  -1  -1  -1  -1  -1  -1  -1  -1  -1  -1  -1  -1  -1  -1  -1  -1  -1  -1  -1  -1  -1
-1  -1  -1  -1  -1  -1  -1  -1  -1  -1  -1  -1  -1  -1  -1  -1  -1  -1  -1  -1  -1  -1  -1  -1  -1  -1  -1  -1  -1  -1  -1  -1  -1  -1
-1  -1  -1  -1  -1  -1  -1  -1  -1  -1  -1  -1  -1  -1  -1  -1  -1  -1  -1  -1  -1  -1  -1  -1  -1  -1  -1  -1  -1  -1  -1  -1  -1  -1
-1  -1  -1  -1  -1  -1  -1  -1  -1  -1  -1  -1  -1  -1  -1  -1  -1  -1  -1  -1  -1  -1  -1  -1  -1  -1  -1  -1  -1  -1  -1  -1  -1  -1
-1  -1  -1  -1  -1  -1  -1  -1  -1  -1  -1  -1  -1  -1  -1  -1  -1  -1  -1  -1  -1  -1  -1  -1  -1  -1  -1  -1  -1  -1  -1  -1  -1  -1
-1  -1  -1  -1  -1  -1  -1  -1  -1  -1  -1  -1  -1  -1  -1  -1  -1  -1  -1  -1  -1  -1  -1  -1  -1  -1  -1  -1  -1  -1  -1  -1  -1  -1
-1  -1  -1  -1  -1  -1  -1  -1  -1  -1  -1  -1  -1  -1  -1  -1  -1  -1  -1  -1  -1  -1  -1  -1  -1  -1  -1  -1  -1  -1  -1  -1  -1  -1
-1  -1  -1  -1  -1  -1  -1  -1  -1  -1  -1  -1  -1  -1  -1  -1  -1  -1  -1  -1  -1  -1  -1  -1  -1  -1  -1  -1  -1  -1  -1  -1  -1  -1
-1  -1  -1  -1  -1  -1  -1  -1  -1  -1  -1  -1  -1  -1  -1  -1  -1  -1  -1  -1  -1  -1  -1  -1  -1  -1  -1  -1  -1  -1  -1  -1  -1  -1
-1  -1  -1  -1  -1  -1  -1  -1  -1  -1  -1  -1  -1  -1  -1  -1  -1  -1  -1  -1  -1  -1  -1  -1  -1  -1  -1  -1  -1  -1  -1  -1  -1  -1
-1  -1  -1  -1  -1  -1  -1  -1  -1  -1  -1  -1  -1  -1  -1  -1  -1  -1  -1  -1  -1  -1  -1  -1  -1  -1  -1  -1  -1  -1  -1  -1  -1  -1
-1  -1  -1  -1  -1  -1  -1  -1  -1  -1  -1  -1  -1  -1  -1  -1  -1  -1  -1  -1  -1  -1  -1  -1  -1  -1  -1  -1  -1  -1  -1  -1  -1  -1
-1  -1  -1  -1  -1  -1  -1  -1  -1  -1  -1  -1  -1  -1  -1  -1  -1  -1  -1  -1  -1  -1  -1  -1  -1  -1  -1  -1  -1  -1  -1  -1  -1  -1
-1  -1  -1  -1  -1  -1  -1  -1  -1  -1  -1  -1  -1  -1  -1  -1  -1  -1  -1  -1  -1  -1  -1  -1  -1  -1  -1  -1  -1  -1  -1  -1  -1  -1
-1  -1  -1  -1  -1  -1  -1  -1  -1  -1  -1  -1  -1  -1  -1  -1  -1  -1  -1  -1  -1  -1  -1  -1  -1  -1  -1  -1  -1  -1  -1  -1  -1  -1
-1  -1  -1  -1  -1  -1  -1  -1  -1  -1  -1  -1  -1  -1  -1  -1  -1  -1  -1  -1  -1  -1  -1  -1  -1  -1  -1  -1  -1  -1  -1  -1  -1  -1
0 0.005063  0.012658  0.073417  0.063291  0.035443  0.035443  0.045569  0.032911  0.043037  0.053164  0.048101  0.073417  0.030379  0.037974  0.025316  0.035443  0.012658  0.037974  0.017721  0.027848  0.012658  0.022784  0.027848  0.017721  0.010126  0.012658  0.007594  0.012658  0.020253  0.015189  0.007594  0.005063  0.081012
0.002785  0.025069  0.087743  0.05571 0.27298 0.072423  0.051532  0.029247  0.040389  0.025069  0.03064 0.043175  0.032033  0.047353  0.018105  0.026462  0.013927  0.022284  0.01532 0.016713  0.012534  0.005571  0.016713  0.005571  0.004178  0.005571  0.002785  0.002785  0.002785  0.004178  0.002785  0 0.002785  0.005571
-1  -1  -1  -1  -1  -1  -1  -1  -1  -1  -1  -1  -1  -1  -1  -1  -1  -1  -1  -1  -1  -1  -1  -1  -1  -1  -1  -1  -1  -1  -1  -1  -1  -1
-1  -1  -1  -1  -1  -1  -1  -1  -1  -1  -1  -1  -1  -1  -1  -1  -1  -1  -1  -1  -1  -1  -1  -1  -1  -1  -1  -1  -1  -1  -1  -1  -1  -1
0.035714  0 0 0.035714  0.107142  0.107142  0.214285  0.142857  0 0.035714  0 0 0.071428  0.071428  0.035714  0 0.035714  0.035714  0 0 0 0 0 0.035714  0 0.035714  0 0 0 0.035714  0 0 0 0
0.001824  0.009124  0.023722  0.116788  0.127737  0.153284  0.189781  0.164233  0.067518  0.027372  0.016423  0.012773  0.009124  0.003649  0.001824  0.003649  0.001824  0.010948  0.005474  0.001824  0.005474  0.005474  0.005474  0 0.003649  0 0.005474  0.005474  0.005474  0.001824  0.001824  0.001824  0 0.010948
0 0.018324  0.065445  0.044502  0.086387  0.22513 0.172774  0.136125  0.089005  0.078534  0.010471  0.010471  0.013089  0.005235  0.005235  0.002617  0.005235  0.005235  0 0 0.002617  0.005235  0 0 0 0 0.010471  0 0 0 0.002617  0 0 0.005235
0 0.015037  0.007518  0.007518  0.015037  0.037593  0.06015 0.112781  0.142857  0.127819  0.135338  0.045112  0.022556  0 0.007518  0.007518  0.007518  0.007518  0.015037  0.022556  0.015037  0.015037  0 0.015037  0 0.015037  0 0 0.030075  0.015037  0 0.007518  0 0.090225
-1  -1  -1  -1  -1  -1  -1  -1  -1  -1  -1  -1  -1  -1  -1  -1  -1  -1  -1  -1  -1  -1  -1  -1  -1  -1  -1  -1  -1  -1  -1  -1  -1  -1
-1  -1  -1  -1  -1  -1  -1  -1  -1  -1  -1  -1  -1  -1  -1  -1  -1  -1  -1  -1  -1  -1  -1  -1  -1  -1  -1  -1  -1  -1  -1  -1  -1  -1
0 0.005361  0.008042  0.018766  0.042895  0.080428  0.134048  0.088471  0.075067  0.101876  0.104557  0.075067  0.077747  0.0563  0.045576  0.037533  0.008042  0.005361  0.005361  0 0 0.00268 0.005361  0.005361  0.005361  0.00268 0 0.005361  0 0 0 0 0 0.00268
0.014531  0.093791  0.083223  0.060766  0.058124  0.081902  0.085865  0.081902  0.062087  0.075297  0.059445  0.048877  0.036988  0.046235  0.027741  0.01321 0.015852  0.006605  0.007926  0.005284  0.007926  0.001321  0.002642  0.001321  0.001321  0.003963  0 0.001321  0.001321  0.002642  0.003963  0.001321  0.002642  0.017173
0.007978  0.050531  0.159574  0.159574  0.077127  0.106382  0.066489  0.045212  0.045212  0.055851  0.031914  0.021276  0.039893  0.015957  0.026595  0.015957  0.021276  0.018617  0.010638  0 0.005319  0 0.005319  0 0.002659  0 0 0 0.002659  0.002659  0.002659  0 0 0.010638
0  0.007936  0.053571  0.180555  0.091269  0.03373 0.047619  0.073412  0.079365  0.047619  0.063492  0.031746  0.04365 0.029761  0.023809  0.039682  0.035714  0.015873  0.015873  0.005952  0.00992 0.001984  0.003968  0 0.001984  0.005952  0.005952  0.001984  0.003968  0.005952  0 0.005952  0.005952  0.025793
0  0.003344  0.026755  0.070234  0.130434  0.080267  0.0602  0.050167  0.0602  0.0602  0.076923  0.036789  0.040133  0.046822  0.043478  0.0301  0.040133  0.026755  0.013377  0.013377  0.010033  0 0.003344  0.003344  0 0.006688  0.003344  0.003344  0.006688  0.003344  0 0.010033  0.006688  0.033444
-1  -1  -1  -1  -1  -1  -1  -1  -1  -1  -1  -1  -1  -1  -1  -1  -1  -1  -1  -1  -1  -1  -1  -1  -1  -1  -1  -1  -1  -1  -1  -1  -1  -1
0  0.008474  0.055084  0.063559  0.080508  0.127118  0.13983 0.067796  0.067796  0.067796  0.055084  0.033898  0.029661  0.025423  0.008474  0.012711  0.008474  0.025423  0.016949  0.038135  0.008474  0 0.008474  0.004237  0.008474  0.004237  0 0.004237  0.004237  0.004237  0 0 0 0.021186
0 0 0.086567  0.080597  0.098507  0.137313  0.110447  0.092537  0.065671  0.068656  0.047761  0.032835  0.01194 0.014925  0.014925  0.014925  0.00597 0.008955  0.02388 0.014925  0.002985  0.00597 0.002985  0.014925  0.002985  0 0 0 0 0 0.00597 0 0 0.032835
0 0.020895  0.068656  0.21791 0.226865  0.104477  0.071641  0.065671  0.059701  0.03582 0.02388 0.01194 0.008955  0.01194 0.014925  0.002985  0.01791 0.002985  0.008955  0.002985  0.008955  0 0 0 0 0 0 0 0 0 0.002985  0 0.002985  0.00597
-1  -1  -1  -1  -1  -1  -1  -1  -1  -1  -1  -1  -1  -1  -1  -1  -1  -1  -1  -1  -1  -1  -1  -1  -1  -1  -1  -1  -1  -1  -1  -1  -1  -1
0.005434  0.054347  0.125 0.146739  0.146739  0.081521  0.038043  0.038043  0.010869  0.032608  0.076086  0.021739  0.010869  0.010869  0.016304  0 0.010869  0 0.010869  0.021739  0.005434  0.010869  0.005434  0 0.021739  0.010869  0.016304  0.005434  0 0 0 0 0 0.070652
-1  -1  -1  -1  -1  -1  -1  -1  -1  -1  -1  -1  -1  -1  -1  -1  -1  -1  -1  -1  -1  -1  -1  -1  -1  -1  -1  -1  -1  -1  -1  -1  -1  -1
0 0.008356  0.139275  0.119777  0.161559  0.200557  0.08635 0.100278  0.038997  0.03064 0.008356  0.013927  0.013927  0.011142  0.005571  0.011142  0.002785  0.008356  0.008356  0.005571  0 0.002785  0 0 0.002785  0.002785  0 0 0 0 0.002785  0.002785  0 0.011142
-1  -1  -1  -1  -1  -1  -1  -1  -1  -1  -1  -1  -1  -1  -1  -1  -1  -1  -1  -1  -1  -1  -1  -1  -1  -1  -1  -1  -1  -1  -1  -1  -1  -1
-1  -1  -1  -1  -1  -1  -1  -1  -1  -1  -1  -1  -1  -1  -1  -1  -1  -1  -1  -1  -1  -1  -1  -1  -1  -1  -1  -1  -1  -1  -1  -1  -1  -1
-1  -1  -1  -1  -1  -1  -1  -1  -1  -1  -1  -1  -1  -1  -1  -1  -1  -1  -1  -1  -1  -1  -1  -1  -1  -1  -1  -1  -1  -1  -1  -1  -1  -1
-1  -1  -1  -1  -1  -1  -1  -1  -1  -1  -1  -1  -1  -1  -1  -1  -1  -1  -1  -1  -1  -1  -1  -1  -1  -1  -1  -1  -1  -1  -1  -1  -1  -1
0 0.004219  0.021097  0.046413  0.088607  0.109704  0.202531  0.168776  0.130801  0.063291  0.042194  0.042194  0.021097  0.008438  0.008438  0.004219  0.016877  0 0 0 0 0.004219  0.004219  0 0 0.004219  0 0 0 0 0 0.004219  0 0.004219
0.003597  0.053956  0.028776  0.050359  0.061151  0.075539  0.133093  0.125899  0.151079  0.064748  0.053956  0.035971  0.021582  0.010791  0.014388  0.007194  0.014388  0.003597  0.010791  0 0.010791  0 0 0.007194  0.010791  0 0.003597  0.003597  0.003597  0 0.003597  0 0.003597  0.035971
0.014354  0.0622  0.066985  0.043062  0.057416  0.066985  0.066985  0.095693  0.086124  0.119617  0.081339  0.090909  0.028708  0.023923  0.019138  0.009569  0.019138  0.009569  0 0.004784  0.009569  0.009569  0 0.004784  0.004784  0 0 0 0 0.004784  0.004784  0 0 0.009569
0 0.04278 0.15508 0.139037  0.096256  0.112299  0.053475  0.074866  0.074866  0.069518  0.037433  0.048128  0.016042  0.032085  0.016042  0.010695  0.005347  0.005347  0 0 0 0 0 0.005347  0 0 0.005347  0 0 0 0 0 0 0
0.004901  0.039215  0.083333  0.254901  0.137254  0.088235  0.049019  0.039215  0.029411  0.029411  0.039215  0.039215  0.019607  0.039215  0.024509  0.009803  0.019607  0.004901  0.004901  0 0 0.009803  0 0.004901  0.004901  0 0 0 0.004901  0.009803  0 0 0 0.014705
0.006097  0.04878 0.158536  0.140243  0.237804  0.07317 0.103658  0.042682  0.02439 0.012195  0.012195  0.030487  0.012195  0.018292  0.012195  0.006097  0.012195  0.006097  0.006097  0 0 0 0.006097  0 0.006097  0 0 0 0.012195  0 0.006097  0 0 0.012195
0.025104  0.046025  0.104602  0.150627  0.150627  0.188284  0.075313  0.054393  0.033472  0.02092 0.025104  0.016736  0.012552  0.012552  0.016736  0.025104  0.02092 0.016736  0.008368  0 0 0.008368  0 0.004184  0 0 0 0 0.004184  0 0 0.004184  0 0
0.014388  0.223021  0.143884  0.079136  0.115107  0.093525  0.129496  0.028776  0.057553  0.014388  0.007194  0.035971  0.035971  0 0 0 0 0.014388  0.007194  0 0 0 0 0 0 0 0 0 0.007194  0 0 0 0 0.007194
0.012658  0.063291  0.367088  0.13924 0.063291  0.037974  0.075949  0.025316  0.037974  0.025316  0.025316  0 0.025316  0 0 0 0.012658  0.037974  0.012658  0.012658  0 0.012658  0 0 0 0 0 0 0 0 0 0 0 0.025316
-1  -1  -1  -1  -1  -1  -1  -1  -1  -1  -1  -1  -1  -1  -1  -1  -1  -1  -1  -1  -1  -1  -1  -1  -1  -1  -1  -1  -1  -1  -1  -1  -1  -1
# ageObsProp_fT
-1  -1  -1  -1  -1  -1  -1  -1  -1  -1  -1  -1  -1  -1  -1  -1  -1  -1  -1  -1  -1  -1  -1  -1  -1  -1  -1  -1  -1  -1  -1  -1  -1  -1
-1  -1  -1  -1  -1  -1  -1  -1  -1  -1  -1  -1  -1  -1  -1  -1  -1  -1  -1  -1  -1  -1  -1  -1  -1  -1  -1  -1  -1  -1  -1  -1  -1  -1
-1  -1  -1  -1  -1  -1  -1  -1  -1  -1  -1  -1  -1  -1  -1  -1  -1  -1  -1  -1  -1  -1  -1  -1  -1  -1  -1  -1  -1  -1  -1  -1  -1  -1
-1  -1  -1  -1  -1  -1  -1  -1  -1  -1  -1  -1  -1  -1  -1  -1  -1  -1  -1  -1  -1  -1  -1  -1  -1  -1  -1  -1  -1  -1  -1  -1  -1  -1
-1  -1  -1  -1  -1  -1  -1  -1  -1  -1  -1  -1  -1  -1  -1  -1  -1  -1  -1  -1  -1  -1  -1  -1  -1  -1  -1  -1  -1  -1  -1  -1  -1  -1
-1  -1  -1  -1  -1  -1  -1  -1  -1  -1  -1  -1  -1  -1  -1  -1  -1  -1  -1  -1  -1  -1  -1  -1  -1  -1  -1  -1  -1  -1  -1  -1  -1  -1
-1  -1  -1  -1  -1  -1  -1  -1  -1  -1  -1  -1  -1  -1  -1  -1  -1  -1  -1  -1  -1  -1  -1  -1  -1  -1  -1  -1  -1  -1  -1  -1  -1  -1
-1  -1  -1  -1  -1  -1  -1  -1  -1  -1  -1  -1  -1  -1  -1  -1  -1  -1  -1  -1  -1  -1  -1  -1  -1  -1  -1  -1  -1  -1  -1  -1  -1  -1
-1  -1  -1  -1  -1  -1  -1  -1  -1  -1  -1  -1  -1  -1  -1  -1  -1  -1  -1  -1  -1  -1  -1  -1  -1  -1  -1  -1  -1  -1  -1  -1  -1  -1
-1  -1  -1  -1  -1  -1  -1  -1  -1  -1  -1  -1  -1  -1  -1  -1  -1  -1  -1  -1  -1  -1  -1  -1  -1  -1  -1  -1  -1  -1  -1  -1  -1  -1
-1  -1  -1  -1  -1  -1  -1  -1  -1  -1  -1  -1  -1  -1  -1  -1  -1  -1  -1  -1  -1  -1  -1  -1  -1  -1  -1  -1  -1  -1  -1  -1  -1  -1
-1  -1  -1  -1  -1  -1  -1  -1  -1  -1  -1  -1  -1  -1  -1  -1  -1  -1  -1  -1  -1  -1  -1  -1  -1  -1  -1  -1  -1  -1  -1  -1  -1  -1
-1  -1  -1  -1  -1  -1  -1  -1  -1  -1  -1  -1  -1  -1  -1  -1  -1  -1  -1  -1  -1  -1  -1  -1  -1  -1  -1  -1  -1  -1  -1  -1  -1  -1
-1  -1  -1  -1  -1  -1  -1  -1  -1  -1  -1  -1  -1  -1  -1  -1  -1  -1  -1  -1  -1  -1  -1  -1  -1  -1  -1  -1  -1  -1  -1  -1  -1  -1
-1  -1  -1  -1  -1  -1  -1  -1  -1  -1  -1  -1  -1  -1  -1  -1  -1  -1  -1  -1  -1  -1  -1  -1  -1  -1  -1  -1  -1  -1  -1  -1  -1  -1
-1  -1  -1  -1  -1  -1  -1  -1  -1  -1  -1  -1  -1  -1  -1  -1  -1  -1  -1  -1  -1  -1  -1  -1  -1  -1  -1  -1  -1  -1  -1  -1  -1  -1
0.122148913 0.348128253 0.133540294 0.108898405 0.065377285 0.016346516 0.021092279 0.012566586 0.018347009 0.002017756 0.009786566 0.000564972 0.000282486 0.000282486 0.000282486 0 0 0 0.001255493 0 0 0 0 0 0 0 0 0.001255493 0 0 0 0 0.000282486 0.000282486
-1  -1  -1  -1  -1  -1  -1  -1  -1  -1  -1  -1  -1  -1  -1  -1  -1  -1  -1  -1  -1  -1  -1  -1  -1  -1  -1  -1  -1  -1  -1  -1  -1  -1
-1  -1  -1  -1  -1  -1  -1  -1  -1  -1  -1  -1  -1  -1  -1  -1  -1  -1  -1  -1  -1  -1  -1  -1  -1  -1  -1  -1  -1  -1  -1  -1  -1  -1
-1  -1  -1  -1  -1  -1  -1  -1  -1  -1  -1  -1  -1  -1  -1  -1  -1  -1  -1  -1  -1  -1  -1  -1  -1  -1  -1  -1  -1  -1  -1  -1  -1  -1
-1  -1  -1  -1  -1  -1  -1  -1  -1  -1  -1  -1  -1  -1  -1  -1  -1  -1  -1  -1  -1  -1  -1  -1  -1  -1  -1  -1  -1  -1  -1  -1  -1  -1
-1  -1  -1  -1  -1  -1  -1  -1  -1  -1  -1  -1  -1  -1  -1  -1  -1  -1  -1  -1  -1  -1  -1  -1  -1  -1  -1  -1  -1  -1  -1  -1  -1  -1
-1  -1  -1  -1  -1  -1  -1  -1  -1  -1  -1  -1  -1  -1  -1  -1  -1  -1  -1  -1  -1  -1  -1  -1  -1  -1  -1  -1  -1  -1  -1  -1  -1  -1
-1  -1  -1  -1  -1  -1  -1  -1  -1  -1  -1  -1  -1  -1  -1  -1  -1  -1  -1  -1  -1  -1  -1  -1  -1  -1  -1  -1  -1  -1  -1  -1  -1  -1
-1  -1  -1  -1  -1  -1  -1  -1  -1  -1  -1  -1  -1  -1  -1  -1  -1  -1  -1  -1  -1  -1  -1  -1  -1  -1  -1  -1  -1  -1  -1  -1  -1  -1
-1  -1  -1  -1  -1  -1  -1  -1  -1  -1  -1  -1  -1  -1  -1  -1  -1  -1  -1  -1  -1  -1  -1  -1  -1  -1  -1  -1  -1  -1  -1  -1  -1  -1
-1  -1  -1  -1  -1  -1  -1  -1  -1  -1  -1  -1  -1  -1  -1  -1  -1  -1  -1  -1  -1  -1  -1  -1  -1  -1  -1  -1  -1  -1  -1  -1  -1  -1
-1  -1  -1  -1  -1  -1  -1  -1  -1  -1  -1  -1  -1  -1  -1  -1  -1  -1  -1  -1  -1  -1  -1  -1  -1  -1  -1  -1  -1  -1  -1  -1  -1  -1
-1  -1  -1  -1  -1  -1  -1  -1  -1  -1  -1  -1  -1  -1  -1  -1  -1  -1  -1  -1  -1  -1  -1  -1  -1  -1  -1  -1  -1  -1  -1  -1  -1  -1
-1  -1  -1  -1  -1  -1  -1  -1  -1  -1  -1  -1  -1  -1  -1  -1  -1  -1  -1  -1  -1  -1  -1  -1  -1  -1  -1  -1  -1  -1  -1  -1  -1  -1
-1  -1  -1  -1  -1  -1  -1  -1  -1  -1  -1  -1  -1  -1  -1  -1  -1  -1  -1  -1  -1  -1  -1  -1  -1  -1  -1  -1  -1  -1  -1  -1  -1  -1
-1  -1  -1  -1  -1  -1  -1  -1  -1  -1  -1  -1  -1  -1  -1  -1  -1  -1  -1  -1  -1  -1  -1  -1  -1  -1  -1  -1  -1  -1  -1  -1  -1  -1
-1  -1  -1  -1  -1  -1  -1  -1  -1  -1  -1  -1  -1  -1  -1  -1  -1  -1  -1  -1  -1  -1  -1  -1  -1  -1  -1  -1  -1  -1  -1  -1  -1  -1
0.131701284 0.205499586 0.096681698 0.082954749 0.064328694 0.019320598 0.029698128 0.026351392 0.041375524 0.010756723 0.026440085 0.021000516 0.028673804 0.022119115 0.020761129 0.017306275 0.023745914 0.007637246 0.018175428 0.003918226 0.00677976  0.000869446 0 0 0 0.001641651 0.002321967 0.0045862 0.02227955  0 0 0 0.004315197 0.026712396
0.249082338 0.213038782 0.100308932 0.077335083 0.036235173 0.009344385 0.013510574 0.009327959 0.021994849 0.003752059 0.010726002 0.005294002 0.0069786 0.007660147 0.006629865 0.005623675 0.005033867 0.001271168 0.00469243  0.00114367  0.002656977 0.000338418 0 0 0 0.000371655 0.000786002 0.0016518 0.001362735 0 0 0 0.001176908 0.003060248
0.293701335 0.293329021 0.140281053 0.09506987  0.031511518 0.003973489 0.010046073 0.00431425  0.024895462 0.001296381 0.004363293 0.001219355 0.00091044  0.001201603 0.001163329 0.000400378 0.000520275 4.78E-05  0.001994618 0.000131845 0.000188381 8.40E-05  0 0 0 4.78E-05  0.000121043 0.001658375 4.78E-05  0 0 0 0.000344432 0.000565499
0.146367783 0.430966223 0.17690129  0.117408743 0.063200859 0.009047619 0.012786596 0.007346939 0.0188807 0.001133787 0.005079365 0 0 0 0 0 0 0 0 0 0 0 0 0 0 0 0 0 0 0 0 0 0 0
0.269360725 0.348295331 0.163499772 0.115514665 0.039072682 0.006410256 0.006923077 0.005659341 0.024400183 0.001098901 0.003461538 0.000769231 0.000384615 0.000384615 0.000384615 0 0 0 0 0 0 0 0 0 0 0 0 0 0 0 0 0 0.000384615 0.000384615
-1  -1  -1  -1  -1  -1  -1  -1  -1  -1  -1  -1  -1  -1  -1  -1  -1  -1  -1  -1  -1  -1  -1  -1  -1  -1  -1  -1  -1  -1  -1  -1  -1  -1
0.008572063 0.168030202 0.113814057 0.095492165 0.092841088 0.029167626 0.093114223 0.038468419 0.097191987 0.015467194 0.0524468 0.023199903 0.01871029  0.020917898 0.021805429 0.015000173 0.008071863 0.001100715 0.029927761 0.002334826 0.005377428 0.001543686 0 0 0 0 0.003993666 0.025316456 0 0 0 0 0.006487342 0.011606739
0.102607361 0.273098614 0.130336239 0.103227982 0.083007307 0.017696574 0.050918801 0.028361156 0.063950777 0.01135715  0.027946337 0.013229658 0.008980983 0.01086811  0.010879634 0.007363046 0.003032004 0.000568343 0.01415877  0.000637653 0.001800174 0.000637653 0 0 0 0 0.002113513 0.012345679 0.006535948 0 0 0 0.003594771 0.006289544
0.050637336 0.245551705 0.129906035 0.098355788 0.10359345  0.022569444 0.034684112 0.044875965 0.07508455  0.0172974 0.03574686  0.024458404 0.013044328 0.01793508  0.018796988 0.015176971 0.004128557 0.000868056 0.010600158 0.001630251 0.000762195 0.000762195 0 0 0 0.000868056 0.00412241  0.008101852 0.000868056 0 0 0 0.007291667 0.012282132
0 0.004081633 0.04210606  0.020303634 0.10294293  0.023896104 0.040072326 0.066893101 0.122403299 0.035766263 0.081887343 0.063581392 0.05255953  0.072231825 0.0610705 0.05623152  0.027179422 0.008643892 0.02565681  0.005371661 0.015530705 0.004181185 0 0 0 0.001190476 0.014319434 0.00952381  0.001190476 0 0 0 0.01  0.03118467
-1  -1  -1  -1  -1  -1  -1  -1  -1  -1  -1  -1  -1  -1  -1  -1  -1  -1  -1  -1  -1  -1  -1  -1  -1  -1  -1  -1  -1  -1  -1  -1  -1  -1
0.711457251 0.088823217 0.043369942 0.045453275 0.004761905 0.002380952 0.002380952 0 0.002678571 0 0 0 0 0 0 0 0 0 0 0 0 0 0 0 0 0 0 0 0 0 0 0 0 0
0.218327636 0.392679008 0.189811726 0.116317574 0.038830409 0.004444444 0.004444444 0.004444444 0.0225  0 0.004444444 0 0 0 0 0 0 0 0 0 0 0 0 0 0 0 0 0 0 0 0 0 0 0
-1  -1  -1  -1  -1  -1  -1  -1  -1  -1  -1  -1  -1  -1  -1  -1  -1  -1  -1  -1  -1  -1  -1  -1  -1  -1  -1  -1  -1  -1  -1  -1  -1  -1
-1  -1  -1  -1  -1  -1  -1  -1  -1  -1  -1  -1  -1  -1  -1  -1  -1  -1  -1  -1  -1  -1  -1  -1  -1  -1  -1  -1  -1  -1  -1  -1  -1  -1
-1  -1  -1  -1  -1  -1  -1  -1  -1  -1  -1  -1  -1  -1  -1  -1  -1  -1  -1  -1  -1  -1  -1  -1  -1  -1  -1  -1  -1  -1  -1  -1  -1  -1
0.015580169 0.070242168 0.053966904 0.049568006 0.089192432 0.023389584 0.036676536 0.052410945 0.086120229 0.028060797 0.056630337 0.048551987 0.057747708 0.058072387 0.052095733 0.042837839 0.038915734 0.010967196 0.029173284 0.007475902 0.018953441 0.003359135 0 0 0 0.001497006 0.008188187 0.00665336  0.013473054 0 0 0 0.009505988 0.030356597
-1  -1  -1  -1  -1  -1  -1  -1  -1  -1  -1  -1  -1  -1  -1  -1  -1  -1  -1  -1  -1  -1  -1  -1  -1  -1  -1  -1  -1  -1  -1  -1  -1  -1
-1  -1  -1  -1  -1  -1  -1  -1  -1  -1  -1  -1  -1  -1  -1  -1  -1  -1  -1  -1  -1  -1  -1  -1  -1  -1  -1  -1  -1  -1  -1  -1  -1  -1
0.191782709 0.265400013 0.121009293 0.085682655 0.055732911 0.008710017 0.015581202 0.021510426 0.035544346 0.017856806 0.019811985 0.014114462 0.018848939 0.017322415 0.017456516 0.016352217 0.013674072 0.003434481 0.009563958 0.002607695 0.006239461 0.00101626  0 0 0 0.000578704 0.003032389 0.00154321  0.002893519 0 0 0 0.001822917 0.011662508
0.228561344 0.3439345 0.163982779 0.118065395 0.047001274 0.009461698 0.010041408 0.008636403 0.034313471 0.002175344 0.005576927 0.003506311 0.001753156 0.001753156 0.001953516 0.000801443 0 0 0.000690131 0 0 0 0 0 0 0 0.000200361 0.000690131 0.00621118  0 0 0 0.001552795 0.001753156
# ageobsProp_f2 
-1 -1 -1 -1 -1 -1 -1 -1 -1 -1 -1 -1 -1 -1 -1 -1 -1 -1 -1 -1 -1 -1 -1 -1 -1 -1 -1 -1 -1 -1 -1 -1 -1 -1
-1 -1 -1 -1 -1 -1 -1 -1 -1 -1 -1 -1 -1 -1 -1 -1 -1 -1 -1 -1 -1 -1 -1 -1 -1 -1 -1 -1 -1 -1 -1 -1 -1 -1
-1 -1 -1 -1 -1 -1 -1 -1 -1 -1 -1 -1 -1 -1 -1 -1 -1 -1 -1 -1 -1 -1 -1 -1 -1 -1 -1 -1 -1 -1 -1 -1 -1 -1
-1 -1 -1 -1 -1 -1 -1 -1 -1 -1 -1 -1 -1 -1 -1 -1 -1 -1 -1 -1 -1 -1 -1 -1 -1 -1 -1 -1 -1 -1 -1 -1 -1 -1
-1 -1 -1 -1 -1 -1 -1 -1 -1 -1 -1 -1 -1 -1 -1 -1 -1 -1 -1 -1 -1 -1 -1 -1 -1 -1 -1 -1 -1 -1 -1 -1 -1 -1
-1 -1 -1 -1 -1 -1 -1 -1 -1 -1 -1 -1 -1 -1 -1 -1 -1 -1 -1 -1 -1 -1 -1 -1 -1 -1 -1 -1 -1 -1 -1 -1 -1 -1
-1 -1 -1 -1 -1 -1 -1 -1 -1 -1 -1 -1 -1 -1 -1 -1 -1 -1 -1 -1 -1 -1 -1 -1 -1 -1 -1 -1 -1 -1 -1 -1 -1 -1
-1 -1 -1 -1 -1 -1 -1 -1 -1 -1 -1 -1 -1 -1 -1 -1 -1 -1 -1 -1 -1 -1 -1 -1 -1 -1 -1 -1 -1 -1 -1 -1 -1 -1
-1 -1 -1 -1 -1 -1 -1 -1 -1 -1 -1 -1 -1 -1 -1 -1 -1 -1 -1 -1 -1 -1 -1 -1 -1 -1 -1 -1 -1 -1 -1 -1 -1 -1
-1 -1 -1 -1 -1 -1 -1 -1 -1 -1 -1 -1 -1 -1 -1 -1 -1 -1 -1 -1 -1 -1 -1 -1 -1 -1 -1 -1 -1 -1 -1 -1 -1 -1
-1 -1 -1 -1 -1 -1 -1 -1 -1 -1 -1 -1 -1 -1 -1 -1 -1 -1 -1 -1 -1 -1 -1 -1 -1 -1 -1 -1 -1 -1 -1 -1 -1 -1
-1 -1 -1 -1 -1 -1 -1 -1 -1 -1 -1 -1 -1 -1 -1 -1 -1 -1 -1 -1 -1 -1 -1 -1 -1 -1 -1 -1 -1 -1 -1 -1 -1 -1
-1 -1 -1 -1 -1 -1 -1 -1 -1 -1 -1 -1 -1 -1 -1 -1 -1 -1 -1 -1 -1 -1 -1 -1 -1 -1 -1 -1 -1 -1 -1 -1 -1 -1
-1 -1 -1 -1 -1 -1 -1 -1 -1 -1 -1 -1 -1 -1 -1 -1 -1 -1 -1 -1 -1 -1 -1 -1 -1 -1 -1 -1 -1 -1 -1 -1 -1 -1
-1 -1 -1 -1 -1 -1 -1 -1 -1 -1 -1 -1 -1 -1 -1 -1 -1 -1 -1 -1 -1 -1 -1 -1 -1 -1 -1 -1 -1 -1 -1 -1 -1 -1
-1 -1 -1 -1 -1 -1 -1 -1 -1 -1 -1 -1 -1 -1 -1 -1 -1 -1 -1 -1 -1 -1 -1 -1 -1 -1 -1 -1 -1 -1 -1 -1 -1 -1
-1 -1 -1 -1 -1 -1 -1 -1 -1 -1 -1 -1 -1 -1 -1 -1 -1 -1 -1 -1 -1 -1 -1 -1 -1 -1 -1 -1 -1 -1 -1 -1 -1 -1
-1 -1 -1 -1 -1 -1 -1 -1 -1 -1 -1 -1 -1 -1 -1 -1 -1 -1 -1 -1 -1 -1 -1 -1 -1 -1 -1 -1 -1 -1 -1 -1 -1 -1
-1 -1 -1 -1 -1 -1 -1 -1 -1 -1 -1 -1 -1 -1 -1 -1 -1 -1 -1 -1 -1 -1 -1 -1 -1 -1 -1 -1 -1 -1 -1 -1 -1 -1
-1 -1 -1 -1 -1 -1 -1 -1 -1 -1 -1 -1 -1 -1 -1 -1 -1 -1 -1 -1 -1 -1 -1 -1 -1 -1 -1 -1 -1 -1 -1 -1 -1 -1
-1 -1 -1 -1 -1 -1 -1 -1 -1 -1 -1 -1 -1 -1 -1 -1 -1 -1 -1 -1 -1 -1 -1 -1 -1 -1 -1 -1 -1 -1 -1 -1 -1 -1
-1 -1 -1 -1 -1 -1 -1 -1 -1 -1 -1 -1 -1 -1 -1 -1 -1 -1 -1 -1 -1 -1 -1 -1 -1 -1 -1 -1 -1 -1 -1 -1 -1 -1
-1 -1 -1 -1 -1 -1 -1 -1 -1 -1 -1 -1 -1 -1 -1 -1 -1 -1 -1 -1 -1 -1 -1 -1 -1 -1 -1 -1 -1 -1 -1 -1 -1 -1
0 0.100128 0.077022 0.082157 0.09371 0.134788 0.124519 0.103979 0.064185 0.038511 0.012837 0.011553 0.007702 0.008986 0.012837 0.014121 0.002567 0.006418 0.01027 0.01027 0.012837 0.003851 0.002567 0.01027 0.006418 0.006418 0.007702 0.003851 0.006418 0.005135 0.001284 0.002567 0.001284 0.012837
0 0.06873 0.070096 0.06873 0.086026 0.120619 0.131998 0.116067 0.085571 0.051889 0.030041 0.015931 0.009558 0.011379 0.006372 0.006827 0.005917 0.010469 0.005917 0.007738 0.004096 0.005007 0.005007 0.008193 0.006372 0.005917 0.006827 0.005917 0.006372 0.001821 0.002731 0.003641 0.002276 0.025944
0 0.08794 0.115578 0.082915 0.042714 0.047739 0.065327 0.037688 0.047739 0.055276 0.020101 0.025126 0.017588 0.007538 0.005025 0.002513 0 0.01005 0.01005 0.01005 0.015075 0.017588 0.012563 0.017588 0.007538 0.01005 0.015075 0.020101 0.017588 0.01005 0.020101 0.020101 0.01005 0.115578
0 0.026087 0.034783 0.078261 0.086957 0.106087 0.076522 0.10087 0.069565 0.107826 0.064348 0.066087 0.038261 0.012174 0.005217 0.012174 0.008696 0.006957 0.001739 0.003478 0.001739 0.003478 0.006957 0.003478 0.008696 0.006957 0.003478 0.005217 0.003478 0 0.001739 0.008696 0.006957 0.033043
0 0.04797 0.019373 0.060886 0.081181 0.101476 0.094096 0.083948 0.064576 0.065498 0.068266 0.045203 0.049815 0.027675 0.026753 0.01107 0.009225 0.006458 0.004613 0.004613 0.001845 0.002768 0.006458 0.004613 0.004613 0.002768 0.00738 0.004613 0.00369 0.00369 0.00369 0.00369 0.00738 0.070111
0 0.104607 0.080614 0.067179 0.072937 0.069098 0.079655 0.078695 0.053743 0.041267 0.055662 0.049904 0.045106 0.028791 0.023033 0.023033 0.011516 0.010557 0.002879 0.003839 0.00096 0.004798 0.001919 0.002879 0.002879 0.002879 0.003839 0.004798 0.006718 0.006718 0.001919 0.001919 0.004798 0.050864
0 0.03348 0.109251 0.082819 0.046696 0.061674 0.046696 0.062555 0.061674 0.052863 0.047577 0.040529 0.045815 0.034361 0.034361 0.022026 0.02467 0.01674 0.013216 0.013216 0.009692 0.010573 0.00793 0.009692 0.001762 0.002643 0.003524 0.003524 0.004405 0.003524 0.007048 0.005286 0.007048 0.073128
0 0.00831 0.076639 0.169898 0.11542 0.055402 0.053555 0.047091 0.051708 0.048015 0.023084 0.027701 0.048015 0.037858 0.042475 0.026777 0.017544 0.018467 0.009234 0.009234 0.004617 0.00554 0.00554 0.004617 0.003693 0.00554 0.00277 0.00554 0.006464 0.00277 0.00277 0.001847 0.004617 0.057248
0 0.016423 0.041971 0.100365 0.131387 0.083942 0.038321 0.051095 0.040146 0.04562 0.032847 0.040146 0.038321 0.041971 0.04562 0.036496 0.031022 0.018248 0.021898 0.014599 0.005474 0.009124 0.005474 0.005474 0.005474 0 0.00365 0.00365 0.001825 0.001825 0.00365 0.005474 0.007299 0.071168
0 0.101449 0.057971 0.057971 0.130435 0.188406 0.086957 0.086957 0.101449 0.043478 0.014493 0 0.014493 0.014493 0.014493 0 0 0.028986 0.014493 0.014493 0 0 0 0.014493 0 0 0 0 0 0 0 0 0 0.014493
0 0.036649 0.044503 0.062827 0.086387 0.104712 0.120419 0.054974 0.026178 0.039267 0.026178 0.052356 0.018325 0.020942 0.018325 0.028796 0.015707 0.015707 0.020942 0.036649 0.026178 0.007853 0.015707 0.007853 0 0 0.005236 0 0.002618 0 0.002618 0.007853 0.005236 0.089005
0 0.030717 0.078498 0.112628 0.102389 0.081911 0.05802 0.102389 0.017065 0.023891 0.040956 0.040956 0.017065 0.030717 0.020478 0.017065 0.037543 0.013652 0.020478 0.020478 0.003413 0.010239 0 0.006826 0.006826 0 0.006826 0.006826 0 0.010239 0 0.003413 0 0.078498
0 0.009091 0.009091 0.2 0.072727 0.045455 0.036364 0.072727 0.072727 0.027273 0.009091 0.036364 0.018182 0.027273 0.009091 0 0.018182 0 0.018182 0.036364 0.018182 0.018182 0.018182 0.009091 0.018182 0 0.009091 0 0.009091 0 0 0.009091 0.018182 0.154545
0 0.009615 0.019231 0.048077 0.134615 0.067308 0.028846 0.048077 0.009615 0.028846 0.019231 0.038462 0.057692 0.028846 0.028846 0.057692 0.028846 0.028846 0.019231 0.028846 0.028846 0.009615 0 0.028846 0 0 0.019231 0.019231 0.009615 0.019231 0 0 0 0.134615
0 0.044818 0.123249 0.137255 0.12605 0.114846 0.064426 0.039216 0.019608 0.030812 0.022409 0.028011 0.016807 0.014006 0.008403 0.008403 0.008403 0.016807 0.005602 0.016807 0.008403 0.008403 0.011204 0.011204 0 0.011204 0.005602 0 0.002801 0.005602 0 0.005602 0 0.084034
0 0.125954 0.133588 0.167939 0.114504 0.045802 0.061069 0.041985 0.01145 0.019084 0.019084 0.015267 0.019084 0.022901 0.015267 0.015267 0 0.01145 0.007634 0.019084 0.015267 0.007634 0.003817 0.003817 0.01145 0 0.007634 0.003817 0.003817 0 0.003817 0 0 0.072519
0 0.041322 0.239669 0.173554 0.152893 0.078512 0.07438 0.049587 0.004132 0.033058 0.012397 0.012397 0.008264 0 0.004132 0.004132 0.004132 0.004132 0.004132 0.012397 0 0.004132 0.012397 0 0.008264 0.004132 0 0 0.004132 0.008264 0.004132 0.004132 0.004132 0.033058
0 0.006645 0.07309 0.305648 0.166113 0.10299 0.099668 0.049834 0.0299 0.023256 0.023256 0.009967 0.006645 0.003322 0.006645 0.006645 0.006645 0.003322 0.009967 0.003322 0.003322 0.009967 0.003322 0.006645 0 0.003322 0 0 0.003322 0 0.003322 0 0.003322 0.026578
0 0.017341 0.014451 0.118497 0.33526 0.118497 0.089595 0.066474 0.057803 0.020231 0.020231 0.011561 0.008671 0.00578 0.008671 0.00578 0.00578 0.00578 0.014451 0.00289 0.00289 0.00578 0.008671 0 0.00289 0.008671 0.00578 0.00578 0 0.00289 0 0.00578 0.00289 0.020231
0 0.030488 0.027439 0.103659 0.170732 0.161585 0.10061 0.088415 0.042683 0.030488 0.036585 0.018293 0.006098 0.021341 0.009146 0.006098 0.006098 0.009146 0 0.006098 0.009146 0.003049 0.006098 0.006098 0.006098 0.006098 0 0.003049 0 0.006098 0.003049 0.006098 0 0.070122
0 0.005435 0.038043 0.089674 0.116848 0.152174 0.171196 0.097826 0.059783 0.040761 0.027174 0.021739 0.016304 0.013587 0.01087 0.008152 0.01087 0.005435 0.008152 0.01087 0.008152 0.005435 0.005435 0.002717 0.008152 0.002717 0.005435 0.008152 0.002717 0.008152 0.002717 0.008152 0 0.027174
0 0.041667 0.054487 0.067308 0.102564 0.099359 0.153846 0.128205 0.057692 0.048077 0.028846 0.038462 0.022436 0.016026 0.00641 0.003205 0.00641 0.012821 0.003205 0.00641 0.00641 0.003205 0 0.003205 0.003205 0.00641 0.00641 0.009615 0.003205 0.003205 0 0.00641 0.00641 0.044872
-1 -1 -1 -1 -1 -1 -1 -1 -1 -1 -1 -1 -1 -1 -1 -1 -1 -1 -1 -1 -1 -1 -1 -1 -1 -1 -1 -1 -1 -1 -1 -1 -1 -1
-1 -1 -1 -1 -1 -1 -1 -1 -1 -1 -1 -1 -1 -1 -1 -1 -1 -1 -1 -1 -1 -1 -1 -1 -1 -1 -1 -1 -1 -1 -1 -1 -1 -1
-1 -1 -1 -1 -1 -1 -1 -1 -1 -1 -1 -1 -1 -1 -1 -1 -1 -1 -1 -1 -1 -1 -1 -1 -1 -1 -1 -1 -1 -1 -1 -1 -1 -1
-1 -1 -1 -1 -1 -1 -1 -1 -1 -1 -1 -1 -1 -1 -1 -1 -1 -1 -1 -1 -1 -1 -1 -1 -1 -1 -1 -1 -1 -1 -1 -1 -1 -1
-1 -1 -1 -1 -1 -1 -1 -1 -1 -1 -1 -1 -1 -1 -1 -1 -1 -1 -1 -1 -1 -1 -1 -1 -1 -1 -1 -1 -1 -1 -1 -1 -1 -1
-1 -1 -1 -1 -1 -1 -1 -1 -1 -1 -1 -1 -1 -1 -1 -1 -1 -1 -1 -1 -1 -1 -1 -1 -1 -1 -1 -1 -1 -1 -1 -1 -1 -1
-1 -1 -1 -1 -1 -1 -1 -1 -1 -1 -1 -1 -1 -1 -1 -1 -1 -1 -1 -1 -1 -1 -1 -1 -1 -1 -1 -1 -1 -1 -1 -1 -1 -1
-1 -1 -1 -1 -1 -1 -1 -1 -1 -1 -1 -1 -1 -1 -1 -1 -1 -1 -1 -1 -1 -1 -1 -1 -1 -1 -1 -1 -1 -1 -1 -1 -1 -1
-1 -1 -1 -1 -1 -1 -1 -1 -1 -1 -1 -1 -1 -1 -1 -1 -1 -1 -1 -1 -1 -1 -1 -1 -1 -1 -1 -1 -1 -1 -1 -1 -1 -1
# ageobsProp_f3 
-1 -1 -1 -1 -1 -1 -1 -1 -1 -1 -1 -1 -1 -1 -1 -1 -1 -1 -1 -1 -1 -1 -1 -1 -1 -1 -1 -1 -1 -1 -1 -1 -1 -1
-1 -1 -1 -1 -1 -1 -1 -1 -1 -1 -1 -1 -1 -1 -1 -1 -1 -1 -1 -1 -1 -1 -1 -1 -1 -1 -1 -1 -1 -1 -1 -1 -1 -1
-1 -1 -1 -1 -1 -1 -1 -1 -1 -1 -1 -1 -1 -1 -1 -1 -1 -1 -1 -1 -1 -1 -1 -1 -1 -1 -1 -1 -1 -1 -1 -1 -1 -1
-1 -1 -1 -1 -1 -1 -1 -1 -1 -1 -1 -1 -1 -1 -1 -1 -1 -1 -1 -1 -1 -1 -1 -1 -1 -1 -1 -1 -1 -1 -1 -1 -1 -1
-1 -1 -1 -1 -1 -1 -1 -1 -1 -1 -1 -1 -1 -1 -1 -1 -1 -1 -1 -1 -1 -1 -1 -1 -1 -1 -1 -1 -1 -1 -1 -1 -1 -1
-1 -1 -1 -1 -1 -1 -1 -1 -1 -1 -1 -1 -1 -1 -1 -1 -1 -1 -1 -1 -1 -1 -1 -1 -1 -1 -1 -1 -1 -1 -1 -1 -1 -1
-1 -1 -1 -1 -1 -1 -1 -1 -1 -1 -1 -1 -1 -1 -1 -1 -1 -1 -1 -1 -1 -1 -1 -1 -1 -1 -1 -1 -1 -1 -1 -1 -1 -1
-1 -1 -1 -1 -1 -1 -1 -1 -1 -1 -1 -1 -1 -1 -1 -1 -1 -1 -1 -1 -1 -1 -1 -1 -1 -1 -1 -1 -1 -1 -1 -1 -1 -1
-1 -1 -1 -1 -1 -1 -1 -1 -1 -1 -1 -1 -1 -1 -1 -1 -1 -1 -1 -1 -1 -1 -1 -1 -1 -1 -1 -1 -1 -1 -1 -1 -1 -1
-1 -1 -1 -1 -1 -1 -1 -1 -1 -1 -1 -1 -1 -1 -1 -1 -1 -1 -1 -1 -1 -1 -1 -1 -1 -1 -1 -1 -1 -1 -1 -1 -1 -1
-1 -1 -1 -1 -1 -1 -1 -1 -1 -1 -1 -1 -1 -1 -1 -1 -1 -1 -1 -1 -1 -1 -1 -1 -1 -1 -1 -1 -1 -1 -1 -1 -1 -1
-1 -1 -1 -1 -1 -1 -1 -1 -1 -1 -1 -1 -1 -1 -1 -1 -1 -1 -1 -1 -1 -1 -1 -1 -1 -1 -1 -1 -1 -1 -1 -1 -1 -1
-1 -1 -1 -1 -1 -1 -1 -1 -1 -1 -1 -1 -1 -1 -1 -1 -1 -1 -1 -1 -1 -1 -1 -1 -1 -1 -1 -1 -1 -1 -1 -1 -1 -1
-1 -1 -1 -1 -1 -1 -1 -1 -1 -1 -1 -1 -1 -1 -1 -1 -1 -1 -1 -1 -1 -1 -1 -1 -1 -1 -1 -1 -1 -1 -1 -1 -1 -1
-1 -1 -1 -1 -1 -1 -1 -1 -1 -1 -1 -1 -1 -1 -1 -1 -1 -1 -1 -1 -1 -1 -1 -1 -1 -1 -1 -1 -1 -1 -1 -1 -1 -1
-1 -1 -1 -1 -1 -1 -1 -1 -1 -1 -1 -1 -1 -1 -1 -1 -1 -1 -1 -1 -1 -1 -1 -1 -1 -1 -1 -1 -1 -1 -1 -1 -1 -1
-1 -1 -1 -1 -1 -1 -1 -1 -1 -1 -1 -1 -1 -1 -1 -1 -1 -1 -1 -1 -1 -1 -1 -1 -1 -1 -1 -1 -1 -1 -1 -1 -1 -1
-1 -1 -1 -1 -1 -1 -1 -1 -1 -1 -1 -1 -1 -1 -1 -1 -1 -1 -1 -1 -1 -1 -1 -1 -1 -1 -1 -1 -1 -1 -1 -1 -1 -1
-1 -1 -1 -1 -1 -1 -1 -1 -1 -1 -1 -1 -1 -1 -1 -1 -1 -1 -1 -1 -1 -1 -1 -1 -1 -1 -1 -1 -1 -1 -1 -1 -1 -1
-1 -1 -1 -1 -1 -1 -1 -1 -1 -1 -1 -1 -1 -1 -1 -1 -1 -1 -1 -1 -1 -1 -1 -1 -1 -1 -1 -1 -1 -1 -1 -1 -1 -1
-1 -1 -1 -1 -1 -1 -1 -1 -1 -1 -1 -1 -1 -1 -1 -1 -1 -1 -1 -1 -1 -1 -1 -1 -1 -1 -1 -1 -1 -1 -1 -1 -1 -1
-1 -1 -1 -1 -1 -1 -1 -1 -1 -1 -1 -1 -1 -1 -1 -1 -1 -1 -1 -1 -1 -1 -1 -1 -1 -1 -1 -1 -1 -1 -1 -1 -1 -1
-1 -1 -1 -1 -1 -1 -1 -1 -1 -1 -1 -1 -1 -1 -1 -1 -1 -1 -1 -1 -1 -1 -1 -1 -1 -1 -1 -1 -1 -1 -1 -1 -1 -1
-1 -1 -1 -1 -1 -1 -1 -1 -1 -1 -1 -1 -1 -1 -1 -1 -1 -1 -1 -1 -1 -1 -1 -1 -1 -1 -1 -1 -1 -1 -1 -1 -1 -1
-1 -1 -1 -1 -1 -1 -1 -1 -1 -1 -1 -1 -1 -1 -1 -1 -1 -1 -1 -1 -1 -1 -1 -1 -1 -1 -1 -1 -1 -1 -1 -1 -1 -1
-1 -1 -1 -1 -1 -1 -1 -1 -1 -1 -1 -1 -1 -1 -1 -1 -1 -1 -1 -1 -1 -1 -1 -1 -1 -1 -1 -1 -1 -1 -1 -1 -1 -1
-1 -1 -1 -1 -1 -1 -1 -1 -1 -1 -1 -1 -1 -1 -1 -1 -1 -1 -1 -1 -1 -1 -1 -1 -1 -1 -1 -1 -1 -1 -1 -1 -1 -1
-1 -1 -1 -1 -1 -1 -1 -1 -1 -1 -1 -1 -1 -1 -1 -1 -1 -1 -1 -1 -1 -1 -1 -1 -1 -1 -1 -1 -1 -1 -1 -1 -1 -1
-1 -1 -1 -1 -1 -1 -1 -1 -1 -1 -1 -1 -1 -1 -1 -1 -1 -1 -1 -1 -1 -1 -1 -1 -1 -1 -1 -1 -1 -1 -1 -1 -1 -1
-1 -1 -1 -1 -1 -1 -1 -1 -1 -1 -1 -1 -1 -1 -1 -1 -1 -1 -1 -1 -1 -1 -1 -1 -1 -1 -1 -1 -1 -1 -1 -1 -1 -1
-1 -1 -1 -1 -1 -1 -1 -1 -1 -1 -1 -1 -1 -1 -1 -1 -1 -1 -1 -1 -1 -1 -1 -1 -1 -1 -1 -1 -1 -1 -1 -1 -1 -1
-1 -1 -1 -1 -1 -1 -1 -1 -1 -1 -1 -1 -1 -1 -1 -1 -1 -1 -1 -1 -1 -1 -1 -1 -1 -1 -1 -1 -1 -1 -1 -1 -1 -1
-1 -1 -1 -1 -1 -1 -1 -1 -1 -1 -1 -1 -1 -1 -1 -1 -1 -1 -1 -1 -1 -1 -1 -1 -1 -1 -1 -1 -1 -1 -1 -1 -1 -1
-1 -1 -1 -1 -1 -1 -1 -1 -1 -1 -1 -1 -1 -1 -1 -1 -1 -1 -1 -1 -1 -1 -1 -1 -1 -1 -1 -1 -1 -1 -1 -1 -1 -1
-1 -1 -1 -1 -1 -1 -1 -1 -1 -1 -1 -1 -1 -1 -1 -1 -1 -1 -1 -1 -1 -1 -1 -1 -1 -1 -1 -1 -1 -1 -1 -1 -1 -1
-1 -1 -1 -1 -1 -1 -1 -1 -1 -1 -1 -1 -1 -1 -1 -1 -1 -1 -1 -1 -1 -1 -1 -1 -1 -1 -1 -1 -1 -1 -1 -1 -1 -1
-1 -1 -1 -1 -1 -1 -1 -1 -1 -1 -1 -1 -1 -1 -1 -1 -1 -1 -1 -1 -1 -1 -1 -1 -1 -1 -1 -1 -1 -1 -1 -1 -1 -1
-1 -1 -1 -1 -1 -1 -1 -1 -1 -1 -1 -1 -1 -1 -1 -1 -1 -1 -1 -1 -1 -1 -1 -1 -1 -1 -1 -1 -1 -1 -1 -1 -1 -1
0.006896  0.203448  0.137931  0.117241  0.086206  0.068965  0.041379  0.034482  0.020689  0.013793  0.017241  0.017241  0.010344  0.010344  0 0.006896  0.003448  0.006896  0.010344  0.003448  0.006896  0.003448  0 0 0.006896  0.006896  0.006896  0.003448  0.006896  0 0.003448  0 0.003448  0.134482
0 0.011331  0.201133  0.135977  0.13881 0.070821  0.03966 0.082152  0.016997  0.033994  0.016997  0.01983 0.011331  0.014164  0.014164  0.002832  0.005665  0.008498  0 0.008498  0.008498  0.002832  0.008498  0.014164  0.005665  0.008498  0.008498  0.005665  0.005665  0.008498  0.002832  0.002832  0.005665  0.07932
0 0.009404  0.062695  0.247648  0.112852  0.103448  0.040752  0.031347  0.047021  0.034482  0.012539  0.028213  0.018808  0.009404  0.003134  0.025078  0.018808  0.015673  0 0.003134  0.006269  0.012539  0.006269  0.009404  0.006269  0.009404  0.012539  0.006269  0 0 0.003134  0.003134  0 0.100313
0.004201  0.021008  0.037815  0.105042  0.22689 0.168067  0.063025  0.079831  0.042016  0.02521 0.016806  0 0.012605  0.008403  0.008403  0.004201  0 0.012605  0.012605  0.016806  0.004201  0 0.029411  0.004201  0.004201  0 0 0.004201  0 0 0.008403  0.004201  0.008403  0.067226
0.003076  0.015384  0.043076  0.04  0.113846  0.224615  0.095384  0.08  0.033846  0.043076  0.018461  0.018461  0.012307  0.00923 0.015384  0.006153  0.006153  0.00923 0.006153  0 0.003076  0.003076  0.012307  0.015384  0.003076  0.00923 0.00923 0.006153  0.00923 0.012307  0.012307  0.006153  0.003076  0.101538
0 0 0.0175  0.035 0.03  0.0675  0.17  0.09  0.0675  0.0425  0.045 0.045 0.0275  0.0125  0.015 0.01  0.01  0.015 0.02  0.0075  0.0075  0.0075  0.0175  0.0125  0.0125  0.02  0.0075  0.015 0.005 0.015 0.01  0.005 0.0075  0.13
0.008869  0.033259  0.046563  0.101995  0.082039  0.090909  0.086474  0.126385  0.07317 0.066518  0.039911  0.019955  0.017738  0.006651  0.013303  0.004434  0.017738  0.011086  0.004434  0.002217  0 0.002217  0.013303  0.006651  0.011086  0.002217  0.004434  0.011086  0 0.002217  0.008869  0.004434  0.002217  0.077605
0.070745  0.065009  0.032504  0.051625  0.053537  0.074569  0.047801  0.065009  0.145315  0.051625  0.032504  0.030592  0.026768  0.026768  0.011472  0.013384  0.007648  0.011472  0.00956 0.011472  0.005736  0.005736  0.003824  0.005736  0.005736  0.005736  0.005736  0.005736  0.00956 0.007648  0.007648  0.00956 0.003824  0.072657
0.040677  0.123728  0.076271  0.071186  0.067796  0.047457  0.049152  0.047457  0.035593  0.052542  0.055932  0.038983  0.037288  0.022033  0.022033  0.016949  0.015254  0.015254  0.010169  0.005084  0.008474  0.011864  0.005084  0.001694  0.006779  0.013559  0.003389  0.001694  0.005084  0.006779  0 0.003389  0.003389  0.076271
0.014634  0.087804  0.172357  0.076422  0.050406  0.058536  0.035772  0.034146  0.03252 0.045528  0.04065 0.04878 0.034146  0.029268  0.02439 0.019512  0.017886  0.00813 0.011382  0.013008  0.003252  0.006504  0.003252  0.019512  0.004878  0.001626  0.006504  0.00813 0.013008  0.006504  0.003252  0.004878  0.004878  0.058536
0.009293  0.048327  0.092936  0.133828  0.065055  0.044609  0.044609  0.035315  0.031598  0.052044  0.044609  0.055762  0.037174  0.048327  0.033457  0.009293  0.016728  0.013011  0.020446  0.013011  0.009293  0.003717  0.001858  0.016728  0.001858  0.005576  0.005576  0.013011  0.005576  0.001858  0.005576  0.003717  0.007434  0.068773
0.00441 0.016538  0.081587  0.085997  0.122381  0.089305  0.061742  0.042998  0.038588  0.029768  0.029768  0.030871  0.027563  0.036383  0.025358  0.025358  0.020948  0.009922  0.018743  0.015435  0.01323 0.011025  0.007717  0.002205  0.009922  0.007717  0.003307  0.00441 0.005512  0.00441 0.007717  0.007717  0.007717  0.093715
0.062622  0.068493  0.103718  0.119373  0.107632  0.133072  0.045009  0.037181  0.029354  0.021526  0.007827  0.021526  0.037181  0.035225  0.017612  0.015655  0.013698  0.009784  0.007827  0.001956  0.00587 0.001956  0.001956  0.007827  0.001956  0.00587 0.001956  0.007827  0.003913  0.003913  0.00587 0.001956  0.003913  0.048923
0.022865  0.138719  0.065548  0.080792  0.080792  0.118902  0.094512  0.076219  0.044207  0.036585  0.032012  0.030487  0.02439 0.02439 0.022865  0.007621  0.004573  0.01067 0.01067 0.009146  0.006097  0.006097  0.003048  0.001524  0.003048  0 0.001524  0.003048  0.007621  0.001524  0 0 0 0.030487
0.077041  0.127889  0.163328  0.077041  0.063174  0.049306  0.067796  0.052388  0.040061  0.032357  0.024653  0.012326  0.02003 0.010785  0.015408  0.015408  0.02003 0.013867  0.013867  0.007704  0.003081  0.007704  0.004622  0.007704  0.004622  0.007704  0.006163  0.00154 0.003081  0.00154 0.006163  0.003081  0.003081  0.033898
0.113702  0.116618  0.078717  0.116618  0.067055  0.046647  0.058309  0.0379  0.046647  0.040816  0.017492  0.014577  0.017492  0.011661  0.026239  0.017492  0.014577  0.008746  0.014577  0.026239  0.00583 0.00583 0.002915  0.00583 0.00583 0.002915  0 0.008746  0.002915  0.002915  0.00583 0.002915  0 0.055393
# eof
123 
